date,district,source,value
2022-02-01 12:24:55,Southern Owens Valley,Tinemaha Elevation,3860.8
2022-02-01 12:24:55,Northern Owens Valley,Tinemaha Elevation,3860.8
2022-02-01 12:54:55,Southern Owens Valley,Tinemaha Elevation,3860.8
2022-02-01 12:54:55,Northern Owens Valley,Tinemaha Elevation,3860.8
2022-02-01 13:24:55,Southern Owens Valley,Tinemaha Elevation,3860.8
2022-02-01 13:24:55,Northern Owens Valley,Tinemaha Elevation,3860.8
2022-02-01 13:54:55,Southern Owens Valley,Tinemaha Elevation,3860.8
2022-02-01 13:54:55,Northern Owens Valley,Tinemaha Elevation,3860.8
2022-02-01 14:09:54,Southern District,Haiwee LAA #2 Current Flow,138.1
2022-02-01 14:09:54,Southern District,Haiwee LAA #1 Current Flow,0.0
2022-02-01 14:09:55,Mono Basin,Lee Vining Intake Above Flow,33.8
2022-02-01 14:09:55,Mono Basin,Lee Vining Intake Below Flow,16.1
2022-02-01 14:09:55,Mono Basin,Mono Lk. Elevation,6379.5
2022-02-01 14:09:55,Mono Basin,Walker Ck. Above Conduit Flow,2.0
2022-02-01 14:09:55,Mono Basin,L.V. Conduit Below Intake Flow,24.3
2022-02-01 14:09:55,Mono Basin,Walker Ck. Under Conduit Flow,3.0
2022-02-01 14:09:55,Mono Basin,Parker Ck. Under Conduit Flow,3.0
2022-02-01 14:09:55,Mono Basin,Parker Ck. Above Conduit Flow,4.0
2022-02-01 14:09:55,Mono Basin,Grant Lk. Spill Flow,0.0
2022-02-01 14:09:55,Mono Basin,Mono Gate 1 Return Ditch Flow,27.1
2022-02-01 14:09:55,Mono Basin,Grant Lk. Elevation,7092.5
2022-02-01 14:09:55,Mono Basin,Grant Lk. Outflow,76.9
2022-02-01 14:09:55,Mono Basin,Rush Ck. at Damsite Flow,30.3
2022-02-01 14:09:55,Mono Basin,Flow to West Portal,40.9
2022-02-01 14:09:55,Long Valley,East Portal Flow,53.0
2022-02-01 14:09:55,Long Valley,OR Below EP Flow,97.0
2022-02-01 14:09:55,Long Valley,Hot Ck.at Hwy. Flow,0.0
2022-02-01 14:09:55,Long Valley,McGee Ck. Lower Sta. Flow,6.9
2022-02-01 14:09:55,Long Valley,Long Valley Elevation,6765.8
2022-02-01 14:09:55,Long Valley,Long Valley Current Outflow,0.0
2022-02-01 14:09:55,Long Valley,Rock Ck. Div. Flow,0.1
2022-02-01 14:09:55,Long Valley,Upper Gorge Total Release,55.0
2022-02-01 14:09:55,Long Valley,Release at Middle Gorge,0.0
2022-02-01 14:09:55,Southern District,S. Haiwee Reservoir Elevation,3732.8
2022-02-01 14:09:55,Southern District,Fairmont Reservoir Elevation,3024.1
2022-02-01 14:09:55,Southern District,LAA #1 Flow at Fairmont Reservoir,0.5
2022-02-01 14:09:55,Southern District,LAA #2 Flow at Fairmont Res.,158.7
2022-02-01 14:09:55,Southern District,Bouquet Reservoir Elevation,2986.9
2022-02-01 14:09:55,Southern District,Bouquet Reservoir Inflow,0.3
2022-02-01 14:09:55,Southern District,Bouquet Reservoir Outflow,19.3
2022-02-01 14:09:55,Southern District,LAA #1 at Soledad Flow,160.8
2022-02-01 14:09:55,Southern District,LAA #2 at Soledad Flow,0.0
2022-02-01 14:24:54,Mono Basin,Lee Vining Intake Above Flow,33.8
2022-02-01 14:24:54,Mono Basin,Lee Vining Intake Below Flow,16.1
2022-02-01 14:24:54,Mono Basin,Walker Ck. Above Conduit Flow,2.0
2022-02-01 14:24:54,Mono Basin,L.V. Conduit Below Intake Flow,24.3
2022-02-01 14:24:54,Mono Basin,Walker Ck. Under Conduit Flow,3.0
2022-02-01 14:24:54,Mono Basin,Parker Ck. Under Conduit Flow,3.0
2022-02-01 14:24:54,Mono Basin,Parker Ck. Above Conduit Flow,4.0
2022-02-01 14:24:54,Mono Basin,Grant Lk. Spill Flow,0.0
2022-02-01 14:24:54,Mono Basin,Mono Gate 1 Return Ditch Flow,27.2
2022-02-01 14:24:54,Mono Basin,Grant Lk. Outflow,77.3
2022-02-01 14:24:54,Mono Basin,Rush Ck. at Damsite Flow,30.3
2022-02-01 14:24:54,Mono Basin,Flow to West Portal,40.9
2022-02-01 14:24:54,Long Valley,East Portal Flow,53.0
2022-02-01 14:24:54,Long Valley,OR Below EP Flow,97.0
2022-02-01 14:24:54,Long Valley,Hot Ck.at Hwy. Flow,0.0
2022-02-01 14:24:54,Long Valley,McGee Ck. Lower Sta. Flow,6.9
2022-02-01 14:24:54,Long Valley,Long Valley Current Outflow,0.0
2022-02-01 14:24:54,Long Valley,Rock Ck. Div. Flow,0.1
2022-02-01 14:24:54,Long Valley,Upper Gorge Total Release,55.0
2022-02-01 14:24:54,Long Valley,Release at Middle Gorge,0.0
2022-02-01 14:24:54,Southern District,Haiwee LAA #2 Current Flow,138.1
2022-02-01 14:24:54,Southern District,Haiwee LAA #1 Current Flow,0.0
2022-02-01 14:24:54,Southern District,LAA #1 Flow at Fairmont Reservoir,0.5
2022-02-01 14:24:54,Southern District,LAA #2 Flow at Fairmont Res.,158.7
2022-02-01 14:24:54,Southern District,Bouquet Reservoir Inflow,0.3
2022-02-01 14:24:54,Southern District,Bouquet Reservoir Outflow,19.3
2022-02-01 14:24:54,Southern District,LAA #1 at Soledad Flow,160.8
2022-02-01 14:24:54,Southern District,LAA #2 at Soledad Flow,0.0
2022-02-01 14:24:55,Southern Owens Valley,Tinemaha Elevation,3860.8
2022-02-01 14:24:55,Northern Owens Valley,Tinemaha Elevation,3860.8
2022-02-01 14:24:55,Mono Basin,Mono Lk. Elevation,6379.5
2022-02-01 14:24:55,Mono Basin,Grant Lk. Elevation,7092.5
2022-02-01 14:24:55,Long Valley,Long Valley Elevation,6765.8
2022-02-01 14:24:55,Southern District,S. Haiwee Reservoir Elevation,3732.8
2022-02-01 14:24:55,Southern District,Fairmont Reservoir Elevation,3024.1
2022-02-01 14:24:55,Southern District,Bouquet Reservoir Elevation,2986.9
2022-02-01 14:39:54,Mono Basin,Lee Vining Intake Above Flow,33.8
2022-02-01 14:39:54,Mono Basin,Lee Vining Intake Below Flow,16.1
2022-02-01 14:39:54,Mono Basin,Walker Ck. Above Conduit Flow,2.0
2022-02-01 14:39:54,Mono Basin,L.V. Conduit Below Intake Flow,24.3
2022-02-01 14:39:54,Mono Basin,Walker Ck. Under Conduit Flow,3.0
2022-02-01 14:39:54,Mono Basin,Parker Ck. Under Conduit Flow,3.0
2022-02-01 14:39:54,Mono Basin,Parker Ck. Above Conduit Flow,4.0
2022-02-01 14:39:54,Mono Basin,Grant Lk. Spill Flow,0.0
2022-02-01 14:39:54,Mono Basin,Mono Gate 1 Return Ditch Flow,27.4
2022-02-01 14:39:54,Mono Basin,Grant Lk. Outflow,76.3
2022-02-01 14:39:54,Mono Basin,Rush Ck. at Damsite Flow,30.3
2022-02-01 14:39:54,Mono Basin,Flow to West Portal,40.9
2022-02-01 14:39:54,Long Valley,East Portal Flow,54.0
2022-02-01 14:39:54,Long Valley,OR Below EP Flow,99.0
2022-02-01 14:39:54,Long Valley,Hot Ck.at Hwy. Flow,0.0
2022-02-01 14:39:54,Long Valley,McGee Ck. Lower Sta. Flow,6.9
2022-02-01 14:39:54,Long Valley,Long Valley Current Outflow,0.0
2022-02-01 14:39:54,Long Valley,Rock Ck. Div. Flow,0.1
2022-02-01 14:39:54,Long Valley,Upper Gorge Total Release,55.0
2022-02-01 14:39:54,Long Valley,Release at Middle Gorge,0.0
2022-02-01 14:39:54,Southern District,Haiwee LAA #2 Current Flow,138.1
2022-02-01 14:39:54,Southern District,Haiwee LAA #1 Current Flow,0.0
2022-02-01 14:39:54,Southern District,LAA #1 Flow at Fairmont Reservoir,0.5
2022-02-01 14:39:54,Southern District,LAA #2 Flow at Fairmont Res.,158.7
2022-02-01 14:39:54,Southern District,Bouquet Reservoir Inflow,0.3
2022-02-01 14:39:54,Southern District,Bouquet Reservoir Outflow,24.6
2022-02-01 14:39:54,Southern District,LAA #1 at Soledad Flow,160.8
2022-02-01 14:39:54,Southern District,LAA #2 at Soledad Flow,0.0
2022-02-01 14:39:55,Mono Basin,Mono Lk. Elevation,6379.5
2022-02-01 14:39:55,Mono Basin,Grant Lk. Elevation,7092.5
2022-02-01 14:39:55,Long Valley,Long Valley Elevation,6765.8
2022-02-01 14:39:55,Southern District,S. Haiwee Reservoir Elevation,3732.8
2022-02-01 14:39:55,Southern District,Fairmont Reservoir Elevation,3024.1
2022-02-01 14:39:55,Southern District,Bouquet Reservoir Elevation,2986.9
2022-02-01 14:54:54,Mono Basin,Lee Vining Intake Above Flow,17.9
2022-02-01 14:54:54,Mono Basin,Lee Vining Intake Below Flow,16.5
2022-02-01 14:54:54,Mono Basin,Walker Ck. Above Conduit Flow,2.0
2022-02-01 14:54:54,Mono Basin,L.V. Conduit Below Intake Flow,3.7
2022-02-01 14:54:54,Mono Basin,Walker Ck. Under Conduit Flow,3.0
2022-02-01 14:54:54,Mono Basin,Parker Ck. Under Conduit Flow,3.0
2022-02-01 14:54:54,Mono Basin,Parker Ck. Above Conduit Flow,4.0
2022-02-01 14:54:54,Mono Basin,Grant Lk. Spill Flow,0.0
2022-02-01 14:54:54,Mono Basin,Mono Gate 1 Return Ditch Flow,27.3
2022-02-01 14:54:54,Mono Basin,Grant Lk. Outflow,76.4
2022-02-01 14:54:54,Mono Basin,Rush Ck. at Damsite Flow,30.3
2022-02-01 14:54:54,Mono Basin,Flow to West Portal,40.9
2022-02-01 14:54:54,Long Valley,East Portal Flow,54.0
2022-02-01 14:54:54,Long Valley,OR Below EP Flow,98.0
2022-02-01 14:54:54,Long Valley,Hot Ck.at Hwy. Flow,0.0
2022-02-01 14:54:54,Long Valley,McGee Ck. Lower Sta. Flow,6.9
2022-02-01 14:54:54,Long Valley,Long Valley Current Outflow,0.0
2022-02-01 14:54:54,Long Valley,Rock Ck. Div. Flow,0.1
2022-02-01 14:54:54,Long Valley,Upper Gorge Total Release,54.8
2022-02-01 14:54:54,Long Valley,Release at Middle Gorge,0.0
2022-02-01 14:54:54,Southern District,Haiwee LAA #2 Current Flow,138.1
2022-02-01 14:54:54,Southern District,Haiwee LAA #1 Current Flow,0.0
2022-02-01 14:54:54,Southern District,LAA #1 Flow at Fairmont Reservoir,0.5
2022-02-01 14:54:54,Southern District,LAA #2 Flow at Fairmont Res.,158.7
2022-02-01 14:54:54,Southern District,Bouquet Reservoir Inflow,0.3
2022-02-01 14:54:54,Southern District,Bouquet Reservoir Outflow,1.7
2022-02-01 14:54:54,Southern District,LAA #1 at Soledad Flow,160.8
2022-02-01 14:54:54,Southern District,LAA #2 at Soledad Flow,0.0
2022-02-01 14:54:55,Southern Owens Valley,Tinemaha Elevation,3860.8
2022-02-01 14:54:55,Northern Owens Valley,Tinemaha Elevation,3860.8
2022-02-01 14:54:55,Mono Basin,Mono Lk. Elevation,6379.5
2022-02-01 14:54:55,Mono Basin,Grant Lk. Elevation,7092.5
2022-02-01 14:54:55,Long Valley,Long Valley Elevation,6765.8
2022-02-01 14:54:55,Southern District,S. Haiwee Reservoir Elevation,3732.8
2022-02-01 14:54:55,Southern District,Fairmont Reservoir Elevation,3024.1
2022-02-01 14:54:55,Southern District,Bouquet Reservoir Elevation,2986.9
2022-02-01 14:54:55,Southern Owens Valley,LAA at Alabama Level,6.0
2022-02-01 14:54:55,Southern Owens Valley,LAA at Alabama Water Temp,42.7
2022-02-01 14:54:55,Southern Owens Valley,LAA at Cottonwood Level,7.6
2022-02-01 14:54:55,Southern Owens Valley,LAA at Cotton. Water Temp,42.8
2022-02-01 14:54:55,Southern Owens Valley,N. Haiwee Elevation,3756.8
2022-02-01 14:54:55,Southern Owens Valley,S. Haiwee Reservoir Elevation,3732.8
2022-02-01 14:54:55,Northern Owens Valley,Pleasant Valley Elevation,4384.2
2022-02-01 15:09:54,Mono Basin,Lee Vining Intake Above Flow,17.9
2022-02-01 15:09:54,Mono Basin,Lee Vining Intake Below Flow,16.5
2022-02-01 15:09:54,Mono Basin,Walker Ck. Above Conduit Flow,2.0
2022-02-01 15:09:54,Mono Basin,L.V. Conduit Below Intake Flow,3.7
2022-02-01 15:09:54,Mono Basin,Walker Ck. Under Conduit Flow,3.0
2022-02-01 15:09:54,Mono Basin,Parker Ck. Under Conduit Flow,3.0
2022-02-01 15:09:54,Mono Basin,Parker Ck. Above Conduit Flow,4.0
2022-02-01 15:09:54,Mono Basin,Grant Lk. Spill Flow,0.0
2022-02-01 15:09:54,Mono Basin,Mono Gate 1 Return Ditch Flow,27.3
2022-02-01 15:09:54,Mono Basin,Grant Lk. Outflow,76.9
2022-02-01 15:09:54,Mono Basin,Rush Ck. at Damsite Flow,30.3
2022-02-01 15:09:54,Mono Basin,Flow to West Portal,40.7
2022-02-01 15:09:54,Long Valley,East Portal Flow,54.0
2022-02-01 15:09:54,Long Valley,OR Below EP Flow,98.0
2022-02-01 15:09:54,Long Valley,Hot Ck.at Hwy. Flow,0.0
2022-02-01 15:09:54,Long Valley,McGee Ck. Lower Sta. Flow,6.9
2022-02-01 15:09:54,Long Valley,Long Valley Current Outflow,0.0
2022-02-01 15:09:54,Long Valley,Rock Ck. Div. Flow,0.1
2022-02-01 15:09:54,Long Valley,Upper Gorge Total Release,54.8
2022-02-01 15:09:54,Long Valley,Release at Middle Gorge,0.0
2022-02-01 15:09:54,Southern District,Haiwee LAA #2 Current Flow,138.1
2022-02-01 15:09:54,Southern District,Haiwee LAA #1 Current Flow,0.0
2022-02-01 15:09:54,Southern District,LAA #1 Flow at Fairmont Reservoir,0.5
2022-02-01 15:09:54,Southern District,LAA #2 Flow at Fairmont Res.,158.7
2022-02-01 15:09:54,Southern District,Bouquet Reservoir Inflow,0.3
2022-02-01 15:09:54,Southern District,Bouquet Reservoir Outflow,1.7
2022-02-01 15:09:54,Southern District,LAA #1 at Soledad Flow,160.8
2022-02-01 15:09:54,Southern District,LAA #2 at Soledad Flow,0.0
2022-02-01 15:09:54,Southern Owens Valley,Tinemaha Reservoir Outflow,175.1
2022-02-01 15:09:54,Southern Owens Valley,Indep. Ck. At Junction Flow,1.8
2022-02-01 15:09:54,Southern Owens Valley,LAA at Alabama Flow,203.0
2022-02-01 15:09:54,Southern Owens Valley,Cottonwood Ck. At LAA Flow,0.0
2022-02-01 15:09:54,Southern Owens Valley,LAA at Cottonwood Flow,217.0
2022-02-01 15:09:54,Southern Owens Valley,Haiwee LAA #1 Current Flow,0.0
2022-02-01 15:09:54,Southern Owens Valley,Haiwee LAA #2 Current Flow,138.1
2022-02-01 15:09:54,Southern Owens Valley,Reinhackel Flow,1.5
2022-02-01 15:09:54,Southern Owens Valley,Lubkin Spillgate Outflow,24.0
2022-02-01 15:09:54,Southern Owens Valley,Cartago Spillgate Outflow,37.8
2022-02-01 15:09:54,Northern Owens Valley,Rock Ck. At Owens River (PV) Flow,41.6
2022-02-01 15:09:54,Northern Owens Valley,Pleasant Valley Outflow,96.2
2022-02-01 15:09:54,Northern Owens Valley,Baker Ck. At LA Station Flow,4.5
2022-02-01 15:09:54,Northern Owens Valley,Big Pine Ck. USGS Flow,7.8
2022-02-01 15:09:54,Northern Owens Valley,O.R. Below Big Pine,159.4
2022-02-01 15:09:54,Northern Owens Valley,Fish Springs At RR Flow,45.3
2022-02-01 15:09:54,Northern Owens Valley,Tinemaha Reservoir Outflow,175.1
2022-02-01 15:09:54,Northern Owens Valley,Bishop Creek Through Plant 6,35.4
2022-02-01 15:09:54,Northern Owens Valley,Bishop Creek Around Plant 6,2.6
2022-02-01 15:09:54,Lower Owens River Project,LORP Intake Flow,41.0
2022-02-01 15:09:54,Lower Owens River Project,LORP at Mazourka Canyon Road,42.0
2022-02-01 15:09:54,Lower Owens River Project,LORP at Reinhackle Springs,48.0
2022-02-01 15:09:54,Lower Owens River Project,LORP Above Pumpstation,41.0
2022-02-01 15:09:54,Lower Owens River Project,LORP At Pump Station Discharge Flow,35.0
2022-02-01 15:09:55,Mono Basin,Mono Lk. Elevation,6379.5
2022-02-01 15:09:55,Mono Basin,Grant Lk. Elevation,7092.5
2022-02-01 15:09:55,Long Valley,Long Valley Elevation,6765.8
2022-02-01 15:09:55,Southern District,S. Haiwee Reservoir Elevation,3732.8
2022-02-01 15:09:55,Southern District,Fairmont Reservoir Elevation,3024.1
2022-02-01 15:09:55,Southern District,Bouquet Reservoir Elevation,2986.9
2022-02-01 15:09:55,Southern Owens Valley,LAA at Alabama Level,6.0
2022-02-01 15:09:55,Southern Owens Valley,LAA at Alabama Water Temp,42.7
2022-02-01 15:09:55,Southern Owens Valley,LAA at Cottonwood Level,7.6
2022-02-01 15:09:55,Southern Owens Valley,LAA at Cotton. Water Temp,42.8
2022-02-01 15:09:55,Southern Owens Valley,N. Haiwee Elevation,3756.8
2022-02-01 15:09:55,Southern Owens Valley,S. Haiwee Reservoir Elevation,3732.8
2022-02-01 15:09:55,Northern Owens Valley,Pleasant Valley Elevation,4384.2
2022-02-01 15:24:54,Mono Basin,Lee Vining Intake Above Flow,17.9
2022-02-01 15:24:54,Mono Basin,Lee Vining Intake Below Flow,16.5
2022-02-01 15:24:54,Mono Basin,Walker Ck. Above Conduit Flow,2.0
2022-02-01 15:24:54,Mono Basin,L.V. Conduit Below Intake Flow,3.7
2022-02-01 15:24:54,Mono Basin,Walker Ck. Under Conduit Flow,3.0
2022-02-01 15:24:54,Mono Basin,Parker Ck. Under Conduit Flow,3.0
2022-02-01 15:24:54,Mono Basin,Parker Ck. Above Conduit Flow,4.0
2022-02-01 15:24:54,Mono Basin,Grant Lk. Spill Flow,0.0
2022-02-01 15:24:54,Mono Basin,Mono Gate 1 Return Ditch Flow,27.4
2022-02-01 15:24:54,Mono Basin,Grant Lk. Outflow,76.7
2022-02-01 15:24:54,Mono Basin,Rush Ck. at Damsite Flow,27.0
2022-02-01 15:24:54,Mono Basin,Flow to West Portal,40.7
2022-02-01 15:24:54,Long Valley,East Portal Flow,54.0
2022-02-01 15:24:54,Long Valley,OR Below EP Flow,98.0
2022-02-01 15:24:54,Long Valley,Hot Ck.at Hwy. Flow,0.0
2022-02-01 15:24:54,Long Valley,McGee Ck. Lower Sta. Flow,6.9
2022-02-01 15:24:54,Long Valley,Long Valley Current Outflow,0.0
2022-02-01 15:24:54,Long Valley,Rock Ck. Div. Flow,0.1
2022-02-01 15:24:54,Long Valley,Upper Gorge Total Release,54.8
2022-02-01 15:24:54,Long Valley,Release at Middle Gorge,0.0
2022-02-01 15:24:54,Southern District,Haiwee LAA #2 Current Flow,138.1
2022-02-01 15:24:54,Southern District,Haiwee LAA #1 Current Flow,0.0
2022-02-01 15:24:54,Southern District,LAA #1 Flow at Fairmont Reservoir,0.5
2022-02-01 15:24:54,Southern District,LAA #2 Flow at Fairmont Res.,158.7
2022-02-01 15:24:54,Southern District,Bouquet Reservoir Inflow,0.3
2022-02-01 15:24:54,Southern District,Bouquet Reservoir Outflow,2.6
2022-02-01 15:24:54,Southern District,LAA #1 at Soledad Flow,160.8
2022-02-01 15:24:54,Southern District,LAA #2 at Soledad Flow,0.0
2022-02-01 15:24:54,Southern Owens Valley,Tinemaha Reservoir Outflow,175.1
2022-02-01 15:24:54,Southern Owens Valley,Indep. Ck. At Junction Flow,1.8
2022-02-01 15:24:54,Southern Owens Valley,LAA at Alabama Flow,203.0
2022-02-01 15:24:54,Southern Owens Valley,Cottonwood Ck. At LAA Flow,0.0
2022-02-01 15:24:54,Southern Owens Valley,LAA at Cottonwood Flow,216.0
2022-02-01 15:24:54,Southern Owens Valley,Haiwee LAA #1 Current Flow,0.0
2022-02-01 15:24:54,Southern Owens Valley,Haiwee LAA #2 Current Flow,138.1
2022-02-01 15:24:54,Southern Owens Valley,Reinhackel Flow,1.5
2022-02-01 15:24:54,Southern Owens Valley,Lubkin Spillgate Outflow,33.4
2022-02-01 15:24:54,Southern Owens Valley,Cartago Spillgate Outflow,40.4
2022-02-01 15:24:54,Northern Owens Valley,Rock Ck. At Owens River (PV) Flow,41.6
2022-02-01 15:24:54,Northern Owens Valley,Pleasant Valley Outflow,96.2
2022-02-01 15:24:54,Northern Owens Valley,Baker Ck. At LA Station Flow,4.5
2022-02-01 15:24:54,Northern Owens Valley,Big Pine Ck. USGS Flow,7.8
2022-02-01 15:24:54,Northern Owens Valley,O.R. Below Big Pine,159.2
2022-02-01 15:24:54,Northern Owens Valley,Fish Springs At RR Flow,45.3
2022-02-01 15:24:54,Northern Owens Valley,Tinemaha Reservoir Outflow,175.1
2022-02-01 15:24:54,Northern Owens Valley,Bishop Creek Through Plant 6,36.4
2022-02-01 15:24:54,Northern Owens Valley,Bishop Creek Around Plant 6,2.7
2022-02-01 15:24:54,Lower Owens River Project,LORP Intake Flow,41.0
2022-02-01 15:24:54,Lower Owens River Project,LORP at Mazourka Canyon Road,42.0
2022-02-01 15:24:54,Lower Owens River Project,LORP at Reinhackle Springs,44.0
2022-02-01 15:24:54,Lower Owens River Project,LORP Above Pumpstation,42.0
2022-02-01 15:24:54,Lower Owens River Project,LORP At Pump Station Discharge Flow,36.0
2022-02-01 15:24:55,Southern Owens Valley,Tinemaha Elevation,3860.8
2022-02-01 15:24:55,Northern Owens Valley,Tinemaha Elevation,3860.8
2022-02-01 15:24:55,Mono Basin,Mono Lk. Elevation,6379.5
2022-02-01 15:24:55,Mono Basin,Grant Lk. Elevation,7092.5
2022-02-01 15:24:55,Long Valley,Long Valley Elevation,6765.8
2022-02-01 15:24:55,Southern District,S. Haiwee Reservoir Elevation,3732.8
2022-02-01 15:24:55,Southern District,Fairmont Reservoir Elevation,3024.1
2022-02-01 15:24:55,Southern District,Bouquet Reservoir Elevation,2986.9
2022-02-01 15:24:55,Southern Owens Valley,LAA at Alabama Level,6.0
2022-02-01 15:24:55,Southern Owens Valley,LAA at Alabama Water Temp,42.7
2022-02-01 15:24:55,Southern Owens Valley,LAA at Cottonwood Level,7.6
2022-02-01 15:24:55,Southern Owens Valley,LAA at Cotton. Water Temp,42.7
2022-02-01 15:24:55,Southern Owens Valley,N. Haiwee Elevation,3756.8
2022-02-01 15:24:55,Southern Owens Valley,S. Haiwee Reservoir Elevation,3732.8
2022-02-01 15:24:55,Northern Owens Valley,Pleasant Valley Elevation,4384.2
2022-02-01 15:39:54,Mono Basin,Lee Vining Intake Above Flow,17.9
2022-02-01 15:39:54,Mono Basin,Lee Vining Intake Below Flow,16.5
2022-02-01 15:39:54,Mono Basin,Walker Ck. Above Conduit Flow,2.0
2022-02-01 15:39:54,Mono Basin,L.V. Conduit Below Intake Flow,3.7
2022-02-01 15:39:54,Mono Basin,Walker Ck. Under Conduit Flow,3.0
2022-02-01 15:39:54,Mono Basin,Parker Ck. Under Conduit Flow,3.0
2022-02-01 15:39:54,Mono Basin,Parker Ck. Above Conduit Flow,4.0
2022-02-01 15:39:54,Mono Basin,Grant Lk. Spill Flow,0.0
2022-02-01 15:39:54,Mono Basin,Mono Gate 1 Return Ditch Flow,27.3
2022-02-01 15:39:54,Mono Basin,Grant Lk. Outflow,77.2
2022-02-01 15:39:54,Mono Basin,Rush Ck. at Damsite Flow,27.0
2022-02-01 15:39:54,Mono Basin,Flow to West Portal,40.7
2022-02-01 15:39:54,Long Valley,East Portal Flow,54.0
2022-02-01 15:39:54,Long Valley,OR Below EP Flow,98.0
2022-02-01 15:39:54,Long Valley,Hot Ck.at Hwy. Flow,0.0
2022-02-01 15:39:54,Long Valley,McGee Ck. Lower Sta. Flow,6.9
2022-02-01 15:39:54,Long Valley,Long Valley Current Outflow,0.0
2022-02-01 15:39:54,Long Valley,Rock Ck. Div. Flow,0.1
2022-02-01 15:39:54,Long Valley,Upper Gorge Total Release,54.8
2022-02-01 15:39:54,Long Valley,Release at Middle Gorge,0.0
2022-02-01 15:39:54,Southern District,Haiwee LAA #2 Current Flow,138.1
2022-02-01 15:39:54,Southern District,Haiwee LAA #1 Current Flow,0.0
2022-02-01 15:39:54,Southern District,LAA #1 Flow at Fairmont Reservoir,0.5
2022-02-01 15:39:54,Southern District,LAA #2 Flow at Fairmont Res.,158.7
2022-02-01 15:39:54,Southern District,Bouquet Reservoir Inflow,0.3
2022-02-01 15:39:54,Southern District,Bouquet Reservoir Outflow,35.7
2022-02-01 15:39:54,Southern District,LAA #1 at Soledad Flow,160.8
2022-02-01 15:39:54,Southern District,LAA #2 at Soledad Flow,0.0
2022-02-01 15:39:54,Southern Owens Valley,Tinemaha Reservoir Outflow,184.5
2022-02-01 15:39:54,Southern Owens Valley,Indep. Ck. At Junction Flow,1.8
2022-02-01 15:39:54,Southern Owens Valley,LAA at Alabama Flow,203.0
2022-02-01 15:39:54,Southern Owens Valley,Cottonwood Ck. At LAA Flow,0.0
2022-02-01 15:39:54,Southern Owens Valley,LAA at Cottonwood Flow,218.0
2022-02-01 15:39:54,Southern Owens Valley,Haiwee LAA #1 Current Flow,0.0
2022-02-01 15:39:54,Southern Owens Valley,Haiwee LAA #2 Current Flow,138.1
2022-02-01 15:39:54,Southern Owens Valley,Reinhackel Flow,1.5
2022-02-01 15:39:54,Southern Owens Valley,Lubkin Spillgate Outflow,14.6
2022-02-01 15:39:54,Southern Owens Valley,Cartago Spillgate Outflow,34.2
2022-02-01 15:39:54,Northern Owens Valley,Rock Ck. At Owens River (PV) Flow,41.6
2022-02-01 15:39:54,Northern Owens Valley,Pleasant Valley Outflow,96.2
2022-02-01 15:39:54,Northern Owens Valley,Baker Ck. At LA Station Flow,4.5
2022-02-01 15:39:54,Northern Owens Valley,Big Pine Ck. USGS Flow,7.7
2022-02-01 15:39:54,Northern Owens Valley,O.R. Below Big Pine,159.1
2022-02-01 15:39:54,Northern Owens Valley,Fish Springs At RR Flow,45.3
2022-02-01 15:39:54,Northern Owens Valley,Tinemaha Reservoir Outflow,184.5
2022-02-01 15:39:54,Northern Owens Valley,Bishop Creek Through Plant 6,38.3
2022-02-01 15:39:54,Northern Owens Valley,Bishop Creek Around Plant 6,2.8
2022-02-01 15:39:54,Lower Owens River Project,LORP Intake Flow,41.0
2022-02-01 15:39:54,Lower Owens River Project,LORP at Mazourka Canyon Road,42.0
2022-02-01 15:39:54,Lower Owens River Project,LORP at Reinhackle Springs,44.0
2022-02-01 15:39:54,Lower Owens River Project,LORP Above Pumpstation,53.0
2022-02-01 15:39:54,Lower Owens River Project,LORP At Pump Station Discharge Flow,47.0
2022-02-01 15:39:55,Mono Basin,Mono Lk. Elevation,6379.5
2022-02-01 15:39:55,Mono Basin,Grant Lk. Elevation,7092.5
2022-02-01 15:39:55,Long Valley,Long Valley Elevation,6765.9
2022-02-01 15:39:55,Southern District,S. Haiwee Reservoir Elevation,3732.8
2022-02-01 15:39:55,Southern District,Fairmont Reservoir Elevation,3024.1
2022-02-01 15:39:55,Southern District,Bouquet Reservoir Elevation,2986.9
2022-02-01 15:39:55,Southern Owens Valley,LAA at Alabama Level,6.0
2022-02-01 15:39:55,Southern Owens Valley,LAA at Alabama Water Temp,42.7
2022-02-01 15:39:55,Southern Owens Valley,LAA at Cottonwood Level,7.6
2022-02-01 15:39:55,Southern Owens Valley,LAA at Cotton. Water Temp,42.8
2022-02-01 15:39:55,Southern Owens Valley,N. Haiwee Elevation,3756.8
2022-02-01 15:39:55,Southern Owens Valley,S. Haiwee Reservoir Elevation,3732.8
2022-02-01 15:39:55,Northern Owens Valley,Pleasant Valley Elevation,4384.2
2022-02-01 15:54:54,Mono Basin,Lee Vining Intake Above Flow,17.9
2022-02-01 15:54:54,Mono Basin,Lee Vining Intake Below Flow,16.5
2022-02-01 15:54:54,Mono Basin,Walker Ck. Above Conduit Flow,2.0
2022-02-01 15:54:54,Mono Basin,L.V. Conduit Below Intake Flow,3.7
2022-02-01 15:54:54,Mono Basin,Walker Ck. Under Conduit Flow,3.0
2022-02-01 15:54:54,Mono Basin,Parker Ck. Under Conduit Flow,3.0
2022-02-01 15:54:54,Mono Basin,Parker Ck. Above Conduit Flow,4.0
2022-02-01 15:54:54,Mono Basin,Grant Lk. Spill Flow,0.0
2022-02-01 15:54:54,Mono Basin,Mono Gate 1 Return Ditch Flow,27.1
2022-02-01 15:54:54,Mono Basin,Grant Lk. Outflow,77.2
2022-02-01 15:54:54,Mono Basin,Rush Ck. at Damsite Flow,27.0
2022-02-01 15:54:54,Mono Basin,Flow to West Portal,40.7
2022-02-01 15:54:54,Long Valley,East Portal Flow,54.0
2022-02-01 15:54:54,Long Valley,OR Below EP Flow,98.0
2022-02-01 15:54:54,Long Valley,Hot Ck.at Hwy. Flow,0.0
2022-02-01 15:54:54,Long Valley,McGee Ck. Lower Sta. Flow,6.9
2022-02-01 15:54:54,Long Valley,Long Valley Current Outflow,0.0
2022-02-01 15:54:54,Long Valley,Rock Ck. Div. Flow,0.1
2022-02-01 15:54:54,Long Valley,Upper Gorge Total Release,54.8
2022-02-01 15:54:54,Long Valley,Release at Middle Gorge,0.0
2022-02-01 15:54:54,Southern District,Haiwee LAA #2 Current Flow,138.1
2022-02-01 15:54:54,Southern District,Haiwee LAA #1 Current Flow,0.0
2022-02-01 15:54:54,Southern District,LAA #1 Flow at Fairmont Reservoir,0.5
2022-02-01 15:54:54,Southern District,LAA #2 Flow at Fairmont Res.,158.7
2022-02-01 15:54:54,Southern District,Bouquet Reservoir Inflow,0.3
2022-02-01 15:54:54,Southern District,Bouquet Reservoir Outflow,3.7
2022-02-01 15:54:54,Southern District,LAA #1 at Soledad Flow,160.8
2022-02-01 15:54:54,Southern District,LAA #2 at Soledad Flow,0.0
2022-02-01 15:54:54,Southern Owens Valley,Tinemaha Reservoir Outflow,184.5
2022-02-01 15:54:54,Southern Owens Valley,Indep. Ck. At Junction Flow,1.8
2022-02-01 15:54:54,Southern Owens Valley,LAA at Alabama Flow,201.0
2022-02-01 15:54:54,Southern Owens Valley,Cottonwood Ck. At LAA Flow,0.0
2022-02-01 15:54:54,Southern Owens Valley,LAA at Cottonwood Flow,218.0
2022-02-01 15:54:54,Southern Owens Valley,Haiwee LAA #1 Current Flow,0.0
2022-02-01 15:54:54,Southern Owens Valley,Haiwee LAA #2 Current Flow,138.1
2022-02-01 15:54:54,Southern Owens Valley,Reinhackel Flow,1.5
2022-02-01 15:54:54,Southern Owens Valley,Lubkin Spillgate Outflow,0.1
2022-02-01 15:54:54,Southern Owens Valley,Cartago Spillgate Outflow,32.6
2022-02-01 15:54:54,Northern Owens Valley,Rock Ck. At Owens River (PV) Flow,41.6
2022-02-01 15:54:54,Northern Owens Valley,Pleasant Valley Outflow,95.8
2022-02-01 15:54:54,Northern Owens Valley,Baker Ck. At LA Station Flow,4.5
2022-02-01 15:54:54,Northern Owens Valley,Big Pine Ck. USGS Flow,7.7
2022-02-01 15:54:54,Northern Owens Valley,O.R. Below Big Pine,159.2
2022-02-01 15:54:54,Northern Owens Valley,Fish Springs At RR Flow,45.3
2022-02-01 15:54:54,Northern Owens Valley,Tinemaha Reservoir Outflow,184.5
2022-02-01 15:54:54,Northern Owens Valley,Bishop Creek Through Plant 6,38.3
2022-02-01 15:54:54,Northern Owens Valley,Bishop Creek Around Plant 6,2.8
2022-02-01 15:54:54,Lower Owens River Project,LORP Intake Flow,41.0
2022-02-01 15:54:54,Lower Owens River Project,LORP at Mazourka Canyon Road,42.0
2022-02-01 15:54:54,Lower Owens River Project,LORP at Reinhackle Springs,44.0
2022-02-01 15:54:54,Lower Owens River Project,LORP Above Pumpstation,53.0
2022-02-01 15:54:54,Lower Owens River Project,LORP At Pump Station Discharge Flow,47.0
2022-02-01 15:54:55,Southern Owens Valley,Tinemaha Elevation,3860.8
2022-02-01 15:54:55,Northern Owens Valley,Tinemaha Elevation,3860.8
2022-02-01 15:54:55,Mono Basin,Mono Lk. Elevation,6379.5
2022-02-01 15:54:55,Mono Basin,Grant Lk. Elevation,7092.5
2022-02-01 15:54:55,Long Valley,Long Valley Elevation,6765.9
2022-02-01 15:54:55,Southern District,S. Haiwee Reservoir Elevation,3732.8
2022-02-01 15:54:55,Southern District,Fairmont Reservoir Elevation,3024.1
2022-02-01 15:54:55,Southern District,Bouquet Reservoir Elevation,2986.9
2022-02-01 15:54:55,Southern Owens Valley,LAA at Alabama Level,5.9
2022-02-01 15:54:55,Southern Owens Valley,LAA at Alabama Water Temp,42.7
2022-02-01 15:54:55,Southern Owens Valley,LAA at Cottonwood Level,7.6
2022-02-01 15:54:55,Southern Owens Valley,LAA at Cotton. Water Temp,42.7
2022-02-01 15:54:55,Southern Owens Valley,N. Haiwee Elevation,3756.8
2022-02-01 15:54:55,Southern Owens Valley,S. Haiwee Reservoir Elevation,3732.8
2022-02-01 15:54:55,Northern Owens Valley,Pleasant Valley Elevation,4384.2
2022-02-01 16:09:54,Mono Basin,Lee Vining Intake Above Flow,17.9
2022-02-01 16:09:54,Mono Basin,Lee Vining Intake Below Flow,16.5
2022-02-01 16:09:54,Mono Basin,Walker Ck. Above Conduit Flow,2.0
2022-02-01 16:09:54,Mono Basin,L.V. Conduit Below Intake Flow,3.7
2022-02-01 16:09:54,Mono Basin,Walker Ck. Under Conduit Flow,3.0
2022-02-01 16:09:54,Mono Basin,Parker Ck. Under Conduit Flow,3.0
2022-02-01 16:09:54,Mono Basin,Parker Ck. Above Conduit Flow,4.0
2022-02-01 16:09:54,Mono Basin,Grant Lk. Spill Flow,0.0
2022-02-01 16:09:54,Mono Basin,Mono Gate 1 Return Ditch Flow,27.1
2022-02-01 16:09:54,Mono Basin,Grant Lk. Outflow,76.2
2022-02-01 16:09:54,Mono Basin,Rush Ck. at Damsite Flow,27.0
2022-02-01 16:09:54,Mono Basin,Flow to West Portal,40.7
2022-02-01 16:09:54,Long Valley,East Portal Flow,54.0
2022-02-01 16:09:54,Long Valley,OR Below EP Flow,98.0
2022-02-01 16:09:54,Long Valley,Hot Ck.at Hwy. Flow,0.0
2022-02-01 16:09:54,Long Valley,McGee Ck. Lower Sta. Flow,6.9
2022-02-01 16:09:54,Long Valley,Long Valley Current Outflow,0.0
2022-02-01 16:09:54,Long Valley,Rock Ck. Div. Flow,0.1
2022-02-01 16:09:54,Long Valley,Upper Gorge Total Release,54.8
2022-02-01 16:09:54,Long Valley,Release at Middle Gorge,0.0
2022-02-01 16:09:54,Southern District,Haiwee LAA #2 Current Flow,138.1
2022-02-01 16:09:54,Southern District,Haiwee LAA #1 Current Flow,0.0
2022-02-01 16:09:54,Southern District,LAA #1 Flow at Fairmont Reservoir,0.5
2022-02-01 16:09:54,Southern District,LAA #2 Flow at Fairmont Res.,158.7
2022-02-01 16:09:54,Southern District,Bouquet Reservoir Inflow,0.3
2022-02-01 16:09:54,Southern District,Bouquet Reservoir Outflow,0.7
2022-02-01 16:09:54,Southern District,LAA #1 at Soledad Flow,160.8
2022-02-01 16:09:54,Southern District,LAA #2 at Soledad Flow,0.0
2022-02-01 16:09:54,Southern Owens Valley,Tinemaha Reservoir Outflow,174.4
2022-02-01 16:09:54,Southern Owens Valley,Indep. Ck. At Junction Flow,1.8
2022-02-01 16:09:54,Southern Owens Valley,LAA at Alabama Flow,201.0
2022-02-01 16:09:54,Southern Owens Valley,Cottonwood Ck. At LAA Flow,0.0
2022-02-01 16:09:54,Southern Owens Valley,LAA at Cottonwood Flow,218.0
2022-02-01 16:09:54,Southern Owens Valley,Haiwee LAA #1 Current Flow,0.0
2022-02-01 16:09:54,Southern Owens Valley,Haiwee LAA #2 Current Flow,138.1
2022-02-01 16:09:54,Southern Owens Valley,Reinhackel Flow,1.5
2022-02-01 16:09:54,Southern Owens Valley,Lubkin Spillgate Outflow,16.7
2022-02-01 16:09:54,Southern Owens Valley,Cartago Spillgate Outflow,45.6
2022-02-01 16:09:54,Northern Owens Valley,Rock Ck. At Owens River (PV) Flow,41.6
2022-02-01 16:09:54,Northern Owens Valley,Pleasant Valley Outflow,95.8
2022-02-01 16:09:54,Northern Owens Valley,Baker Ck. At LA Station Flow,4.5
2022-02-01 16:09:54,Northern Owens Valley,Big Pine Ck. USGS Flow,7.7
2022-02-01 16:09:54,Northern Owens Valley,O.R. Below Big Pine,159.0
2022-02-01 16:09:54,Northern Owens Valley,Fish Springs At RR Flow,45.3
2022-02-01 16:09:54,Northern Owens Valley,Tinemaha Reservoir Outflow,174.4
2022-02-01 16:09:54,Northern Owens Valley,Bishop Creek Through Plant 6,38.3
2022-02-01 16:09:54,Northern Owens Valley,Bishop Creek Around Plant 6,2.8
2022-02-01 16:09:54,Lower Owens River Project,LORP Intake Flow,41.0
2022-02-01 16:09:54,Lower Owens River Project,LORP at Mazourka Canyon Road,40.0
2022-02-01 16:09:54,Lower Owens River Project,LORP at Reinhackle Springs,44.0
2022-02-01 16:09:54,Lower Owens River Project,LORP Above Pumpstation,55.0
2022-02-01 16:09:54,Lower Owens River Project,LORP At Pump Station Discharge Flow,49.0
2022-02-01 16:09:55,Mono Basin,Mono Lk. Elevation,6379.5
2022-02-01 16:09:55,Mono Basin,Grant Lk. Elevation,7092.5
2022-02-01 16:09:55,Long Valley,Long Valley Elevation,6765.9
2022-02-01 16:09:55,Southern District,S. Haiwee Reservoir Elevation,3732.8
2022-02-01 16:09:55,Southern District,Fairmont Reservoir Elevation,3024.1
2022-02-01 16:09:55,Southern District,Bouquet Reservoir Elevation,2986.9
2022-02-01 16:09:55,Southern Owens Valley,LAA at Alabama Level,5.9
2022-02-01 16:09:55,Southern Owens Valley,LAA at Alabama Water Temp,42.7
2022-02-01 16:09:55,Southern Owens Valley,LAA at Cottonwood Level,7.6
2022-02-01 16:09:55,Southern Owens Valley,LAA at Cotton. Water Temp,42.7
2022-02-01 16:09:55,Southern Owens Valley,N. Haiwee Elevation,3756.8
2022-02-01 16:09:55,Southern Owens Valley,S. Haiwee Reservoir Elevation,3732.8
2022-02-01 16:09:55,Northern Owens Valley,Pleasant Valley Elevation,4384.2
2022-02-01 16:24:54,Mono Basin,Lee Vining Intake Above Flow,17.9
2022-02-01 16:24:54,Mono Basin,Lee Vining Intake Below Flow,16.5
2022-02-01 16:24:54,Mono Basin,Walker Ck. Above Conduit Flow,2.0
2022-02-01 16:24:54,Mono Basin,L.V. Conduit Below Intake Flow,3.7
2022-02-01 16:24:54,Mono Basin,Walker Ck. Under Conduit Flow,3.0
2022-02-01 16:24:54,Mono Basin,Parker Ck. Under Conduit Flow,3.0
2022-02-01 16:24:54,Mono Basin,Parker Ck. Above Conduit Flow,4.0
2022-02-01 16:24:54,Mono Basin,Grant Lk. Spill Flow,0.0
2022-02-01 16:24:54,Mono Basin,Mono Gate 1 Return Ditch Flow,27.0
2022-02-01 16:24:54,Mono Basin,Grant Lk. Outflow,76.5
2022-02-01 16:24:54,Mono Basin,Rush Ck. at Damsite Flow,27.0
2022-02-01 16:24:54,Mono Basin,Flow to West Portal,40.7
2022-02-01 16:24:54,Long Valley,East Portal Flow,54.0
2022-02-01 16:24:54,Long Valley,OR Below EP Flow,98.0
2022-02-01 16:24:54,Long Valley,Hot Ck.at Hwy. Flow,0.0
2022-02-01 16:24:54,Long Valley,McGee Ck. Lower Sta. Flow,6.9
2022-02-01 16:24:54,Long Valley,Long Valley Current Outflow,0.0
2022-02-01 16:24:54,Long Valley,Rock Ck. Div. Flow,0.1
2022-02-01 16:24:54,Long Valley,Upper Gorge Total Release,54.8
2022-02-01 16:24:54,Long Valley,Release at Middle Gorge,0.0
2022-02-01 16:24:54,Southern District,Haiwee LAA #2 Current Flow,138.1
2022-02-01 16:24:54,Southern District,Haiwee LAA #1 Current Flow,0.0
2022-02-01 16:24:54,Southern District,LAA #1 Flow at Fairmont Reservoir,0.5
2022-02-01 16:24:54,Southern District,LAA #2 Flow at Fairmont Res.,158.5
2022-02-01 16:24:54,Southern District,Bouquet Reservoir Inflow,0.3
2022-02-01 16:24:54,Southern District,Bouquet Reservoir Outflow,0.7
2022-02-01 16:24:54,Southern District,LAA #1 at Soledad Flow,160.8
2022-02-01 16:24:54,Southern District,LAA #2 at Soledad Flow,0.0
2022-02-01 16:24:54,Southern Owens Valley,Tinemaha Reservoir Outflow,174.4
2022-02-01 16:24:54,Southern Owens Valley,Indep. Ck. At Junction Flow,1.8
2022-02-01 16:24:54,Southern Owens Valley,LAA at Alabama Flow,201.0
2022-02-01 16:24:54,Southern Owens Valley,Cottonwood Ck. At LAA Flow,0.0
2022-02-01 16:24:54,Southern Owens Valley,LAA at Cottonwood Flow,217.0
2022-02-01 16:24:54,Southern Owens Valley,Haiwee LAA #1 Current Flow,0.0
2022-02-01 16:24:54,Southern Owens Valley,Haiwee LAA #2 Current Flow,138.1
2022-02-01 16:24:54,Southern Owens Valley,Reinhackel Flow,1.5
2022-02-01 16:24:54,Southern Owens Valley,Lubkin Spillgate Outflow,21.7
2022-02-01 16:24:54,Southern Owens Valley,Cartago Spillgate Outflow,32.8
2022-02-01 16:24:54,Northern Owens Valley,Rock Ck. At Owens River (PV) Flow,41.6
2022-02-01 16:24:54,Northern Owens Valley,Pleasant Valley Outflow,95.8
2022-02-01 16:24:54,Northern Owens Valley,Baker Ck. At LA Station Flow,4.5
2022-02-01 16:24:54,Northern Owens Valley,Big Pine Ck. USGS Flow,7.7
2022-02-01 16:24:54,Northern Owens Valley,O.R. Below Big Pine,159.1
2022-02-01 16:24:54,Northern Owens Valley,Fish Springs At RR Flow,45.3
2022-02-01 16:24:54,Northern Owens Valley,Tinemaha Reservoir Outflow,174.4
2022-02-01 16:24:54,Northern Owens Valley,Bishop Creek Through Plant 6,38.3
2022-02-01 16:24:54,Northern Owens Valley,Bishop Creek Around Plant 6,2.8
2022-02-01 16:24:54,Lower Owens River Project,LORP Intake Flow,41.0
2022-02-01 16:24:54,Lower Owens River Project,LORP at Mazourka Canyon Road,40.0
2022-02-01 16:24:54,Lower Owens River Project,LORP at Reinhackle Springs,47.0
2022-02-01 16:24:54,Lower Owens River Project,LORP Above Pumpstation,52.0
2022-02-01 16:24:54,Lower Owens River Project,LORP At Pump Station Discharge Flow,46.0
2022-02-01 16:24:55,Southern Owens Valley,Tinemaha Elevation,3860.8
2022-02-01 16:24:55,Northern Owens Valley,Tinemaha Elevation,3860.8
2022-02-01 16:24:55,Mono Basin,Mono Lk. Elevation,6379.5
2022-02-01 16:24:55,Mono Basin,Grant Lk. Elevation,7092.5
2022-02-01 16:24:55,Long Valley,Long Valley Elevation,6765.9
2022-02-01 16:24:55,Southern District,S. Haiwee Reservoir Elevation,3732.8
2022-02-01 16:24:55,Southern District,Fairmont Reservoir Elevation,3024.1
2022-02-01 16:24:55,Southern District,Bouquet Reservoir Elevation,2986.9
2022-02-01 16:24:55,Southern Owens Valley,LAA at Alabama Level,5.9
2022-02-01 16:24:55,Southern Owens Valley,LAA at Alabama Water Temp,42.7
2022-02-01 16:24:55,Southern Owens Valley,LAA at Cottonwood Level,7.6
2022-02-01 16:24:55,Southern Owens Valley,LAA at Cotton. Water Temp,42.7
2022-02-01 16:24:55,Southern Owens Valley,N. Haiwee Elevation,3756.8
2022-02-01 16:24:55,Southern Owens Valley,S. Haiwee Reservoir Elevation,3732.8
2022-02-01 16:24:55,Northern Owens Valley,Pleasant Valley Elevation,4384.2
2022-02-01 16:39:54,Mono Basin,Lee Vining Intake Above Flow,17.9
2022-02-01 16:39:54,Mono Basin,Lee Vining Intake Below Flow,16.5
2022-02-01 16:39:54,Mono Basin,Walker Ck. Above Conduit Flow,2.0
2022-02-01 16:39:54,Mono Basin,L.V. Conduit Below Intake Flow,3.7
2022-02-01 16:39:54,Mono Basin,Walker Ck. Under Conduit Flow,3.0
2022-02-01 16:39:54,Mono Basin,Parker Ck. Under Conduit Flow,3.0
2022-02-01 16:39:54,Mono Basin,Parker Ck. Above Conduit Flow,4.0
2022-02-01 16:39:54,Mono Basin,Grant Lk. Spill Flow,0.0
2022-02-01 16:39:54,Mono Basin,Mono Gate 1 Return Ditch Flow,27.0
2022-02-01 16:39:54,Mono Basin,Grant Lk. Outflow,76.5
2022-02-01 16:39:54,Mono Basin,Rush Ck. at Damsite Flow,27.0
2022-02-01 16:39:54,Mono Basin,Flow to West Portal,40.7
2022-02-01 16:39:54,Long Valley,East Portal Flow,54.0
2022-02-01 16:39:54,Long Valley,OR Below EP Flow,98.0
2022-02-01 16:39:54,Long Valley,Hot Ck.at Hwy. Flow,0.0
2022-02-01 16:39:54,Long Valley,McGee Ck. Lower Sta. Flow,6.9
2022-02-01 16:39:54,Long Valley,Long Valley Current Outflow,0.0
2022-02-01 16:39:54,Long Valley,Rock Ck. Div. Flow,0.1
2022-02-01 16:39:54,Long Valley,Upper Gorge Total Release,54.8
2022-02-01 16:39:54,Long Valley,Release at Middle Gorge,0.0
2022-02-01 16:39:54,Southern District,Haiwee LAA #2 Current Flow,138.1
2022-02-01 16:39:54,Southern District,Haiwee LAA #1 Current Flow,0.0
2022-02-01 16:39:54,Southern District,LAA #1 Flow at Fairmont Reservoir,0.5
2022-02-01 16:39:54,Southern District,LAA #2 Flow at Fairmont Res.,158.5
2022-02-01 16:39:54,Southern District,Bouquet Reservoir Inflow,0.3
2022-02-01 16:39:54,Southern District,Bouquet Reservoir Outflow,0.7
2022-02-01 16:39:54,Southern District,LAA #1 at Soledad Flow,160.8
2022-02-01 16:39:54,Southern District,LAA #2 at Soledad Flow,0.0
2022-02-01 16:39:54,Southern Owens Valley,Tinemaha Reservoir Outflow,174.4
2022-02-01 16:39:54,Southern Owens Valley,Indep. Ck. At Junction Flow,1.8
2022-02-01 16:39:54,Southern Owens Valley,LAA at Alabama Flow,199.0
2022-02-01 16:39:54,Southern Owens Valley,Cottonwood Ck. At LAA Flow,0.0
2022-02-01 16:39:54,Southern Owens Valley,LAA at Cottonwood Flow,217.0
2022-02-01 16:39:54,Southern Owens Valley,Haiwee LAA #1 Current Flow,0.0
2022-02-01 16:39:54,Southern Owens Valley,Haiwee LAA #2 Current Flow,138.1
2022-02-01 16:39:54,Southern Owens Valley,Reinhackel Flow,1.5
2022-02-01 16:39:54,Southern Owens Valley,Lubkin Spillgate Outflow,24.9
2022-02-01 16:39:54,Southern Owens Valley,Cartago Spillgate Outflow,29.7
2022-02-01 16:39:54,Northern Owens Valley,Rock Ck. At Owens River (PV) Flow,41.6
2022-02-01 16:39:54,Northern Owens Valley,Pleasant Valley Outflow,95.8
2022-02-01 16:39:54,Northern Owens Valley,Baker Ck. At LA Station Flow,4.5
2022-02-01 16:39:54,Northern Owens Valley,Big Pine Ck. USGS Flow,7.7
2022-02-01 16:39:54,Northern Owens Valley,O.R. Below Big Pine,159.2
2022-02-01 16:39:54,Northern Owens Valley,Fish Springs At RR Flow,45.3
2022-02-01 16:39:54,Northern Owens Valley,Tinemaha Reservoir Outflow,174.4
2022-02-01 16:39:54,Northern Owens Valley,Bishop Creek Through Plant 6,38.3
2022-02-01 16:39:54,Northern Owens Valley,Bishop Creek Around Plant 6,2.8
2022-02-01 16:39:54,Lower Owens River Project,LORP Intake Flow,41.0
2022-02-01 16:39:54,Lower Owens River Project,LORP at Mazourka Canyon Road,40.0
2022-02-01 16:39:54,Lower Owens River Project,LORP at Reinhackle Springs,47.0
2022-02-01 16:39:54,Lower Owens River Project,LORP Above Pumpstation,52.0
2022-02-01 16:39:54,Lower Owens River Project,LORP At Pump Station Discharge Flow,46.0
2022-02-01 16:39:55,Mono Basin,Mono Lk. Elevation,6379.5
2022-02-01 16:39:55,Mono Basin,Grant Lk. Elevation,7092.5
2022-02-01 16:39:55,Long Valley,Long Valley Elevation,6765.9
2022-02-01 16:39:55,Southern District,S. Haiwee Reservoir Elevation,3732.8
2022-02-01 16:39:55,Southern District,Fairmont Reservoir Elevation,3024.1
2022-02-01 16:39:55,Southern District,Bouquet Reservoir Elevation,2986.9
2022-02-01 16:39:55,Southern Owens Valley,LAA at Alabama Level,5.9
2022-02-01 16:39:55,Southern Owens Valley,LAA at Alabama Water Temp,42.4
2022-02-01 16:39:55,Southern Owens Valley,LAA at Cottonwood Level,7.6
2022-02-01 16:39:55,Southern Owens Valley,LAA at Cotton. Water Temp,42.7
2022-02-01 16:39:55,Southern Owens Valley,N. Haiwee Elevation,3756.8
2022-02-01 16:39:55,Southern Owens Valley,S. Haiwee Reservoir Elevation,3732.8
2022-02-01 16:39:55,Northern Owens Valley,Pleasant Valley Elevation,4384.2
2022-02-01 16:54:54,Mono Basin,Lee Vining Intake Above Flow,17.9
2022-02-01 16:54:54,Mono Basin,Lee Vining Intake Below Flow,16.5
2022-02-01 16:54:54,Mono Basin,Walker Ck. Above Conduit Flow,2.0
2022-02-01 16:54:54,Mono Basin,L.V. Conduit Below Intake Flow,3.7
2022-02-01 16:54:54,Mono Basin,Walker Ck. Under Conduit Flow,3.0
2022-02-01 16:54:54,Mono Basin,Parker Ck. Under Conduit Flow,3.0
2022-02-01 16:54:54,Mono Basin,Parker Ck. Above Conduit Flow,4.0
2022-02-01 16:54:54,Mono Basin,Grant Lk. Spill Flow,0.0
2022-02-01 16:54:54,Mono Basin,Mono Gate 1 Return Ditch Flow,27.1
2022-02-01 16:54:54,Mono Basin,Grant Lk. Outflow,76.0
2022-02-01 16:54:54,Mono Basin,Rush Ck. at Damsite Flow,27.0
2022-02-01 16:54:54,Mono Basin,Flow to West Portal,40.7
2022-02-01 16:54:54,Long Valley,East Portal Flow,54.0
2022-02-01 16:54:54,Long Valley,OR Below EP Flow,98.0
2022-02-01 16:54:54,Long Valley,Hot Ck.at Hwy. Flow,0.0
2022-02-01 16:54:54,Long Valley,McGee Ck. Lower Sta. Flow,6.9
2022-02-01 16:54:54,Long Valley,Long Valley Current Outflow,0.0
2022-02-01 16:54:54,Long Valley,Rock Ck. Div. Flow,0.1
2022-02-01 16:54:54,Long Valley,Upper Gorge Total Release,55.0
2022-02-01 16:54:54,Long Valley,Release at Middle Gorge,0.0
2022-02-01 16:54:54,Southern District,Haiwee LAA #2 Current Flow,138.1
2022-02-01 16:54:54,Southern District,Haiwee LAA #1 Current Flow,0.0
2022-02-01 16:54:54,Southern District,LAA #1 Flow at Fairmont Reservoir,0.5
2022-02-01 16:54:54,Southern District,LAA #2 Flow at Fairmont Res.,158.5
2022-02-01 16:54:54,Southern District,Bouquet Reservoir Inflow,0.3
2022-02-01 16:54:54,Southern District,Bouquet Reservoir Outflow,0.7
2022-02-01 16:54:54,Southern District,LAA #1 at Soledad Flow,160.8
2022-02-01 16:54:54,Southern District,LAA #2 at Soledad Flow,0.0
2022-02-01 16:54:54,Southern Owens Valley,Tinemaha Reservoir Outflow,182.6
2022-02-01 16:54:54,Southern Owens Valley,Indep. Ck. At Junction Flow,1.8
2022-02-01 16:54:54,Southern Owens Valley,LAA at Alabama Flow,198.0
2022-02-01 16:54:54,Southern Owens Valley,Cottonwood Ck. At LAA Flow,0.0
2022-02-01 16:54:54,Southern Owens Valley,LAA at Cottonwood Flow,218.0
2022-02-01 16:54:54,Southern Owens Valley,Haiwee LAA #1 Current Flow,0.0
2022-02-01 16:54:54,Southern Owens Valley,Haiwee LAA #2 Current Flow,138.1
2022-02-01 16:54:54,Southern Owens Valley,Reinhackel Flow,1.5
2022-02-01 16:54:54,Southern Owens Valley,Lubkin Spillgate Outflow,15.5
2022-02-01 16:54:54,Southern Owens Valley,Cartago Spillgate Outflow,28.4
2022-02-01 16:54:54,Northern Owens Valley,Rock Ck. At Owens River (PV) Flow,41.6
2022-02-01 16:54:54,Northern Owens Valley,Pleasant Valley Outflow,95.7
2022-02-01 16:54:54,Northern Owens Valley,Baker Ck. At LA Station Flow,4.5
2022-02-01 16:54:54,Northern Owens Valley,Big Pine Ck. USGS Flow,7.7
2022-02-01 16:54:54,Northern Owens Valley,O.R. Below Big Pine,159.1
2022-02-01 16:54:54,Northern Owens Valley,Fish Springs At RR Flow,45.3
2022-02-01 16:54:54,Northern Owens Valley,Tinemaha Reservoir Outflow,182.6
2022-02-01 16:54:54,Northern Owens Valley,Bishop Creek Through Plant 6,38.3
2022-02-01 16:54:54,Northern Owens Valley,Bishop Creek Around Plant 6,2.8
2022-02-01 16:54:54,Lower Owens River Project,LORP Intake Flow,41.0
2022-02-01 16:54:54,Lower Owens River Project,LORP at Mazourka Canyon Road,40.0
2022-02-01 16:54:54,Lower Owens River Project,LORP at Reinhackle Springs,47.0
2022-02-01 16:54:54,Lower Owens River Project,LORP Above Pumpstation,54.0
2022-02-01 16:54:54,Lower Owens River Project,LORP At Pump Station Discharge Flow,48.0
2022-02-01 16:54:55,Southern Owens Valley,Tinemaha Elevation,3860.8
2022-02-01 16:54:55,Northern Owens Valley,Tinemaha Elevation,3860.8
2022-02-01 16:54:55,Mono Basin,Mono Lk. Elevation,6379.5
2022-02-01 16:54:55,Mono Basin,Grant Lk. Elevation,7092.4
2022-02-01 16:54:55,Long Valley,Long Valley Elevation,6765.9
2022-02-01 16:54:55,Southern District,S. Haiwee Reservoir Elevation,3732.8
2022-02-01 16:54:55,Southern District,Fairmont Reservoir Elevation,3024.1
2022-02-01 16:54:55,Southern District,Bouquet Reservoir Elevation,2986.9
2022-02-01 16:54:55,Southern Owens Valley,LAA at Alabama Level,5.9
2022-02-01 16:54:55,Southern Owens Valley,LAA at Alabama Water Temp,42.3
2022-02-01 16:54:55,Southern Owens Valley,LAA at Cottonwood Level,7.6
2022-02-01 16:54:55,Southern Owens Valley,LAA at Cotton. Water Temp,42.7
2022-02-01 16:54:55,Southern Owens Valley,N. Haiwee Elevation,3756.8
2022-02-01 16:54:55,Southern Owens Valley,S. Haiwee Reservoir Elevation,3732.8
2022-02-01 16:54:55,Northern Owens Valley,Pleasant Valley Elevation,4384.2
2022-02-01 17:09:54,Mono Basin,Lee Vining Intake Above Flow,17.9
2022-02-01 17:09:54,Mono Basin,Lee Vining Intake Below Flow,16.5
2022-02-01 17:09:54,Mono Basin,Walker Ck. Above Conduit Flow,2.0
2022-02-01 17:09:54,Mono Basin,L.V. Conduit Below Intake Flow,3.7
2022-02-01 17:09:54,Mono Basin,Walker Ck. Under Conduit Flow,3.0
2022-02-01 17:09:54,Mono Basin,Parker Ck. Under Conduit Flow,3.0
2022-02-01 17:09:54,Mono Basin,Parker Ck. Above Conduit Flow,4.0
2022-02-01 17:09:54,Mono Basin,Grant Lk. Spill Flow,0.0
2022-02-01 17:09:54,Mono Basin,Mono Gate 1 Return Ditch Flow,27.1
2022-02-01 17:09:54,Mono Basin,Grant Lk. Outflow,76.0
2022-02-01 17:09:54,Mono Basin,Rush Ck. at Damsite Flow,27.0
2022-02-01 17:09:54,Mono Basin,Flow to West Portal,40.7
2022-02-01 17:09:54,Long Valley,East Portal Flow,54.0
2022-02-01 17:09:54,Long Valley,OR Below EP Flow,98.0
2022-02-01 17:09:54,Long Valley,Hot Ck.at Hwy. Flow,0.0
2022-02-01 17:09:54,Long Valley,McGee Ck. Lower Sta. Flow,6.9
2022-02-01 17:09:54,Long Valley,Long Valley Current Outflow,0.0
2022-02-01 17:09:54,Long Valley,Rock Ck. Div. Flow,0.1
2022-02-01 17:09:54,Long Valley,Upper Gorge Total Release,55.0
2022-02-01 17:09:54,Long Valley,Release at Middle Gorge,0.0
2022-02-01 17:09:54,Southern District,Haiwee LAA #2 Current Flow,138.1
2022-02-01 17:09:54,Southern District,Haiwee LAA #1 Current Flow,0.0
2022-02-01 17:09:54,Southern District,LAA #1 Flow at Fairmont Reservoir,0.5
2022-02-01 17:09:54,Southern District,LAA #2 Flow at Fairmont Res.,158.5
2022-02-01 17:09:54,Southern District,Bouquet Reservoir Inflow,0.3
2022-02-01 17:09:54,Southern District,Bouquet Reservoir Outflow,0.7
2022-02-01 17:09:54,Southern District,LAA #1 at Soledad Flow,160.8
2022-02-01 17:09:54,Southern District,LAA #2 at Soledad Flow,0.0
2022-02-01 17:09:54,Southern Owens Valley,Tinemaha Reservoir Outflow,175.1
2022-02-01 17:09:54,Southern Owens Valley,Indep. Ck. At Junction Flow,1.8
2022-02-01 17:09:54,Southern Owens Valley,LAA at Alabama Flow,198.0
2022-02-01 17:09:54,Southern Owens Valley,Cottonwood Ck. At LAA Flow,0.0
2022-02-01 17:09:54,Southern Owens Valley,LAA at Cottonwood Flow,223.0
2022-02-01 17:09:54,Southern Owens Valley,Haiwee LAA #1 Current Flow,0.0
2022-02-01 17:09:54,Southern Owens Valley,Haiwee LAA #2 Current Flow,138.1
2022-02-01 17:09:54,Southern Owens Valley,Reinhackel Flow,1.5
2022-02-01 17:09:54,Southern Owens Valley,Lubkin Spillgate Outflow,25.8
2022-02-01 17:09:54,Southern Owens Valley,Cartago Spillgate Outflow,33.2
2022-02-01 17:09:54,Northern Owens Valley,Rock Ck. At Owens River (PV) Flow,41.6
2022-02-01 17:09:54,Northern Owens Valley,Pleasant Valley Outflow,95.7
2022-02-01 17:09:54,Northern Owens Valley,Baker Ck. At LA Station Flow,4.5
2022-02-01 17:09:54,Northern Owens Valley,Big Pine Ck. USGS Flow,7.7
2022-02-01 17:09:54,Northern Owens Valley,O.R. Below Big Pine,158.9
2022-02-01 17:09:54,Northern Owens Valley,Fish Springs At RR Flow,45.3
2022-02-01 17:09:54,Northern Owens Valley,Tinemaha Reservoir Outflow,175.1
2022-02-01 17:09:54,Northern Owens Valley,Bishop Creek Through Plant 6,38.3
2022-02-01 17:09:54,Northern Owens Valley,Bishop Creek Around Plant 6,2.8
2022-02-01 17:09:54,Lower Owens River Project,LORP Intake Flow,41.0
2022-02-01 17:09:54,Lower Owens River Project,LORP at Mazourka Canyon Road,40.0
2022-02-01 17:09:54,Lower Owens River Project,LORP at Reinhackle Springs,47.0
2022-02-01 17:09:54,Lower Owens River Project,LORP Above Pumpstation,42.0
2022-02-01 17:09:54,Lower Owens River Project,LORP At Pump Station Discharge Flow,35.0
2022-02-01 17:09:55,Mono Basin,Mono Lk. Elevation,6379.5
2022-02-01 17:09:55,Mono Basin,Grant Lk. Elevation,7092.4
2022-02-01 17:09:55,Long Valley,Long Valley Elevation,6765.9
2022-02-01 17:09:55,Southern District,S. Haiwee Reservoir Elevation,3732.8
2022-02-01 17:09:55,Southern District,Fairmont Reservoir Elevation,3024.1
2022-02-01 17:09:55,Southern District,Bouquet Reservoir Elevation,2986.9
2022-02-01 17:09:55,Southern Owens Valley,Tinemaha Elevation,3860.8
2022-02-01 17:09:55,Southern Owens Valley,LAA at Alabama Level,5.9
2022-02-01 17:09:55,Southern Owens Valley,LAA at Alabama Water Temp,42.3
2022-02-01 17:09:55,Southern Owens Valley,LAA at Cottonwood Level,7.6
2022-02-01 17:09:55,Southern Owens Valley,LAA at Cotton. Water Temp,42.6
2022-02-01 17:09:55,Southern Owens Valley,N. Haiwee Elevation,3756.8
2022-02-01 17:09:55,Southern Owens Valley,S. Haiwee Reservoir Elevation,3732.8
2022-02-01 17:09:55,Northern Owens Valley,Pleasant Valley Elevation,4384.2
2022-02-01 17:24:54,Mono Basin,Lee Vining Intake Above Flow,17.9
2022-02-01 17:24:54,Mono Basin,Lee Vining Intake Below Flow,16.5
2022-02-01 17:24:54,Mono Basin,Walker Ck. Above Conduit Flow,2.0
2022-02-01 17:24:54,Mono Basin,L.V. Conduit Below Intake Flow,3.7
2022-02-01 17:24:54,Mono Basin,Walker Ck. Under Conduit Flow,3.0
2022-02-01 17:24:54,Mono Basin,Parker Ck. Under Conduit Flow,3.0
2022-02-01 17:24:54,Mono Basin,Parker Ck. Above Conduit Flow,4.0
2022-02-01 17:24:54,Mono Basin,Grant Lk. Spill Flow,0.0
2022-02-01 17:24:54,Mono Basin,Mono Gate 1 Return Ditch Flow,27.0
2022-02-01 17:24:54,Mono Basin,Grant Lk. Outflow,77.0
2022-02-01 17:24:54,Mono Basin,Rush Ck. at Damsite Flow,27.0
2022-02-01 17:24:54,Mono Basin,Flow to West Portal,40.7
2022-02-01 17:24:54,Long Valley,East Portal Flow,55.0
2022-02-01 17:24:54,Long Valley,OR Below EP Flow,99.0
2022-02-01 17:24:54,Long Valley,Hot Ck.at Hwy. Flow,0.0
2022-02-01 17:24:54,Long Valley,McGee Ck. Lower Sta. Flow,6.9
2022-02-01 17:24:54,Long Valley,Long Valley Current Outflow,0.0
2022-02-01 17:24:54,Long Valley,Rock Ck. Div. Flow,0.1
2022-02-01 17:24:54,Long Valley,Upper Gorge Total Release,55.0
2022-02-01 17:24:54,Long Valley,Release at Middle Gorge,0.0
2022-02-01 17:24:54,Southern District,Haiwee LAA #2 Current Flow,138.1
2022-02-01 17:24:54,Southern District,Haiwee LAA #1 Current Flow,0.0
2022-02-01 17:24:54,Southern District,LAA #1 Flow at Fairmont Reservoir,0.5
2022-02-01 17:24:54,Southern District,LAA #2 Flow at Fairmont Res.,158.5
2022-02-01 17:24:54,Southern District,Bouquet Reservoir Inflow,0.3
2022-02-01 17:24:54,Southern District,Bouquet Reservoir Outflow,0.7
2022-02-01 17:24:54,Southern District,LAA #1 at Soledad Flow,160.8
2022-02-01 17:24:54,Southern District,LAA #2 at Soledad Flow,0.0
2022-02-01 17:24:54,Southern Owens Valley,Tinemaha Reservoir Outflow,175.1
2022-02-01 17:24:54,Southern Owens Valley,Indep. Ck. At Junction Flow,1.8
2022-02-01 17:24:54,Southern Owens Valley,LAA at Alabama Flow,198.0
2022-02-01 17:24:54,Southern Owens Valley,Cottonwood Ck. At LAA Flow,0.0
2022-02-01 17:24:54,Southern Owens Valley,LAA at Cottonwood Flow,219.0
2022-02-01 17:24:54,Southern Owens Valley,Haiwee LAA #1 Current Flow,0.0
2022-02-01 17:24:54,Southern Owens Valley,Haiwee LAA #2 Current Flow,138.1
2022-02-01 17:24:54,Southern Owens Valley,Reinhackel Flow,1.5
2022-02-01 17:24:54,Southern Owens Valley,Lubkin Spillgate Outflow,16.9
2022-02-01 17:24:54,Southern Owens Valley,Cartago Spillgate Outflow,26.2
2022-02-01 17:24:54,Northern Owens Valley,Rock Ck. At Owens River (PV) Flow,41.6
2022-02-01 17:24:54,Northern Owens Valley,Pleasant Valley Outflow,95.7
2022-02-01 17:24:54,Northern Owens Valley,Baker Ck. At LA Station Flow,4.5
2022-02-01 17:24:54,Northern Owens Valley,Big Pine Ck. USGS Flow,7.7
2022-02-01 17:24:54,Northern Owens Valley,O.R. Below Big Pine,158.7
2022-02-01 17:24:54,Northern Owens Valley,Fish Springs At RR Flow,45.3
2022-02-01 17:24:54,Northern Owens Valley,Tinemaha Reservoir Outflow,175.1
2022-02-01 17:24:54,Northern Owens Valley,Bishop Creek Through Plant 6,40.5
2022-02-01 17:24:54,Northern Owens Valley,Bishop Creek Around Plant 6,3.2
2022-02-01 17:24:54,Lower Owens River Project,LORP Intake Flow,41.0
2022-02-01 17:24:54,Lower Owens River Project,LORP at Mazourka Canyon Road,40.0
2022-02-01 17:24:54,Lower Owens River Project,LORP at Reinhackle Springs,46.0
2022-02-01 17:24:54,Lower Owens River Project,LORP Above Pumpstation,39.0
2022-02-01 17:24:54,Lower Owens River Project,LORP At Pump Station Discharge Flow,33.0
2022-02-01 17:24:55,Southern Owens Valley,Tinemaha Elevation,3860.8
2022-02-01 17:24:55,Northern Owens Valley,Tinemaha Elevation,3860.8
2022-02-01 17:24:55,Mono Basin,Mono Lk. Elevation,6379.5
2022-02-01 17:24:55,Mono Basin,Grant Lk. Elevation,7092.5
2022-02-01 17:24:55,Long Valley,Long Valley Elevation,6765.9
2022-02-01 17:24:55,Southern District,S. Haiwee Reservoir Elevation,3732.8
2022-02-01 17:24:55,Southern District,Fairmont Reservoir Elevation,3024.1
2022-02-01 17:24:55,Southern District,Bouquet Reservoir Elevation,2986.9
2022-02-01 17:24:55,Southern Owens Valley,LAA at Alabama Level,5.9
2022-02-01 17:24:55,Southern Owens Valley,LAA at Alabama Water Temp,42.3
2022-02-01 17:24:55,Southern Owens Valley,LAA at Cottonwood Level,7.6
2022-02-01 17:24:55,Southern Owens Valley,LAA at Cotton. Water Temp,42.4
2022-02-01 17:24:55,Southern Owens Valley,N. Haiwee Elevation,3756.8
2022-02-01 17:24:55,Southern Owens Valley,S. Haiwee Reservoir Elevation,3732.8
2022-02-01 17:24:55,Northern Owens Valley,Pleasant Valley Elevation,4384.2
2022-02-01 17:39:54,Mono Basin,Lee Vining Intake Above Flow,17.9
2022-02-01 17:39:54,Mono Basin,Lee Vining Intake Below Flow,16.5
2022-02-01 17:39:54,Mono Basin,Walker Ck. Above Conduit Flow,2.0
2022-02-01 17:39:54,Mono Basin,L.V. Conduit Below Intake Flow,3.7
2022-02-01 17:39:54,Mono Basin,Walker Ck. Under Conduit Flow,3.0
2022-02-01 17:39:54,Mono Basin,Parker Ck. Under Conduit Flow,3.0
2022-02-01 17:39:54,Mono Basin,Parker Ck. Above Conduit Flow,4.0
2022-02-01 17:39:54,Mono Basin,Grant Lk. Spill Flow,0.0
2022-02-01 17:39:54,Mono Basin,Mono Gate 1 Return Ditch Flow,27.1
2022-02-01 17:39:54,Mono Basin,Grant Lk. Outflow,76.5
2022-02-01 17:39:54,Mono Basin,Rush Ck. at Damsite Flow,27.0
2022-02-01 17:39:54,Mono Basin,Flow to West Portal,40.7
2022-02-01 17:39:54,Long Valley,East Portal Flow,55.0
2022-02-01 17:39:54,Long Valley,OR Below EP Flow,99.0
2022-02-01 17:39:54,Long Valley,Hot Ck.at Hwy. Flow,0.0
2022-02-01 17:39:54,Long Valley,McGee Ck. Lower Sta. Flow,6.9
2022-02-01 17:39:54,Long Valley,Long Valley Current Outflow,0.0
2022-02-01 17:39:54,Long Valley,Rock Ck. Div. Flow,0.1
2022-02-01 17:39:54,Long Valley,Upper Gorge Total Release,55.0
2022-02-01 17:39:54,Long Valley,Release at Middle Gorge,0.0
2022-02-01 17:39:54,Southern District,Haiwee LAA #2 Current Flow,138.1
2022-02-01 17:39:54,Southern District,Haiwee LAA #1 Current Flow,0.0
2022-02-01 17:39:54,Southern District,LAA #1 Flow at Fairmont Reservoir,0.5
2022-02-01 17:39:54,Southern District,LAA #2 Flow at Fairmont Res.,158.8
2022-02-01 17:39:54,Southern District,Bouquet Reservoir Inflow,0.3
2022-02-01 17:39:54,Southern District,Bouquet Reservoir Outflow,0.7
2022-02-01 17:39:54,Southern District,LAA #1 at Soledad Flow,160.8
2022-02-01 17:39:54,Southern District,LAA #2 at Soledad Flow,0.0
2022-02-01 17:39:54,Southern Owens Valley,Tinemaha Reservoir Outflow,175.1
2022-02-01 17:39:54,Southern Owens Valley,Indep. Ck. At Junction Flow,1.8
2022-02-01 17:39:54,Southern Owens Valley,LAA at Alabama Flow,196.0
2022-02-01 17:39:54,Southern Owens Valley,Cottonwood Ck. At LAA Flow,0.0
2022-02-01 17:39:54,Southern Owens Valley,LAA at Cottonwood Flow,220.0
2022-02-01 17:39:54,Southern Owens Valley,Haiwee LAA #1 Current Flow,0.0
2022-02-01 17:39:54,Southern Owens Valley,Haiwee LAA #2 Current Flow,138.1
2022-02-01 17:39:54,Southern Owens Valley,Reinhackel Flow,1.5
2022-02-01 17:39:54,Southern Owens Valley,Lubkin Spillgate Outflow,24.5
2022-02-01 17:39:54,Southern Owens Valley,Cartago Spillgate Outflow,28.1
2022-02-01 17:39:54,Northern Owens Valley,Rock Ck. At Owens River (PV) Flow,41.6
2022-02-01 17:39:54,Northern Owens Valley,Pleasant Valley Outflow,95.7
2022-02-01 17:39:54,Northern Owens Valley,Baker Ck. At LA Station Flow,4.5
2022-02-01 17:39:54,Northern Owens Valley,Big Pine Ck. USGS Flow,7.7
2022-02-01 17:39:54,Northern Owens Valley,O.R. Below Big Pine,158.7
2022-02-01 17:39:54,Northern Owens Valley,Fish Springs At RR Flow,45.3
2022-02-01 17:39:54,Northern Owens Valley,Tinemaha Reservoir Outflow,175.1
2022-02-01 17:39:54,Northern Owens Valley,Bishop Creek Through Plant 6,35.0
2022-02-01 17:39:54,Northern Owens Valley,Bishop Creek Around Plant 6,3.2
2022-02-01 17:39:54,Lower Owens River Project,LORP Intake Flow,41.0
2022-02-01 17:39:54,Lower Owens River Project,LORP at Mazourka Canyon Road,40.0
2022-02-01 17:39:54,Lower Owens River Project,LORP at Reinhackle Springs,46.0
2022-02-01 17:39:54,Lower Owens River Project,LORP Above Pumpstation,40.0
2022-02-01 17:39:54,Lower Owens River Project,LORP At Pump Station Discharge Flow,33.0
2022-02-01 17:39:55,Mono Basin,Mono Lk. Elevation,6379.5
2022-02-01 17:39:55,Mono Basin,Grant Lk. Elevation,7092.5
2022-02-01 17:39:55,Long Valley,Long Valley Elevation,6765.9
2022-02-01 17:39:55,Southern District,S. Haiwee Reservoir Elevation,3732.8
2022-02-01 17:39:55,Southern District,Fairmont Reservoir Elevation,3024.1
2022-02-01 17:39:55,Southern District,Bouquet Reservoir Elevation,2986.9
2022-02-01 17:39:55,Southern Owens Valley,Tinemaha Elevation,3860.8
2022-02-01 17:39:55,Southern Owens Valley,LAA at Alabama Level,5.9
2022-02-01 17:39:55,Southern Owens Valley,LAA at Alabama Water Temp,42.1
2022-02-01 17:39:55,Southern Owens Valley,LAA at Cottonwood Level,7.6
2022-02-01 17:39:55,Southern Owens Valley,LAA at Cotton. Water Temp,42.3
2022-02-01 17:39:55,Southern Owens Valley,N. Haiwee Elevation,3756.8
2022-02-01 17:39:55,Southern Owens Valley,S. Haiwee Reservoir Elevation,3732.8
2022-02-01 17:39:55,Northern Owens Valley,Pleasant Valley Elevation,4384.2
2022-02-01 17:54:54,Mono Basin,Lee Vining Intake Above Flow,17.9
2022-02-01 17:54:54,Mono Basin,Lee Vining Intake Below Flow,16.5
2022-02-01 17:54:54,Mono Basin,Walker Ck. Above Conduit Flow,2.0
2022-02-01 17:54:54,Mono Basin,L.V. Conduit Below Intake Flow,3.7
2022-02-01 17:54:54,Mono Basin,Walker Ck. Under Conduit Flow,3.0
2022-02-01 17:54:54,Mono Basin,Parker Ck. Under Conduit Flow,3.0
2022-02-01 17:54:54,Mono Basin,Parker Ck. Above Conduit Flow,4.0
2022-02-01 17:54:54,Mono Basin,Grant Lk. Spill Flow,0.0
2022-02-01 17:54:54,Mono Basin,Mono Gate 1 Return Ditch Flow,27.2
2022-02-01 17:54:54,Mono Basin,Grant Lk. Outflow,76.5
2022-02-01 17:54:54,Mono Basin,Rush Ck. at Damsite Flow,27.0
2022-02-01 17:54:54,Mono Basin,Flow to West Portal,40.7
2022-02-01 17:54:54,Long Valley,East Portal Flow,55.0
2022-02-01 17:54:54,Long Valley,OR Below EP Flow,99.0
2022-02-01 17:54:54,Long Valley,Hot Ck.at Hwy. Flow,0.0
2022-02-01 17:54:54,Long Valley,McGee Ck. Lower Sta. Flow,6.9
2022-02-01 17:54:54,Long Valley,Long Valley Current Outflow,0.0
2022-02-01 17:54:54,Long Valley,Rock Ck. Div. Flow,0.1
2022-02-01 17:54:54,Long Valley,Upper Gorge Total Release,54.7
2022-02-01 17:54:54,Long Valley,Release at Middle Gorge,0.0
2022-02-01 17:54:54,Southern District,Haiwee LAA #2 Current Flow,138.1
2022-02-01 17:54:54,Southern District,Haiwee LAA #1 Current Flow,0.0
2022-02-01 17:54:54,Southern District,LAA #1 Flow at Fairmont Reservoir,0.5
2022-02-01 17:54:54,Southern District,LAA #2 Flow at Fairmont Res.,158.8
2022-02-01 17:54:54,Southern District,Bouquet Reservoir Inflow,0.3
2022-02-01 17:54:54,Southern District,Bouquet Reservoir Outflow,24.2
2022-02-01 17:54:54,Southern District,LAA #1 at Soledad Flow,160.8
2022-02-01 17:54:54,Southern District,LAA #2 at Soledad Flow,0.0
2022-02-01 17:54:54,Southern Owens Valley,Tinemaha Reservoir Outflow,175.1
2022-02-01 17:54:54,Southern Owens Valley,Indep. Ck. At Junction Flow,1.8
2022-02-01 17:54:54,Southern Owens Valley,LAA at Alabama Flow,195.0
2022-02-01 17:54:54,Southern Owens Valley,Cottonwood Ck. At LAA Flow,0.0
2022-02-01 17:54:54,Southern Owens Valley,LAA at Cottonwood Flow,220.0
2022-02-01 17:54:54,Southern Owens Valley,Haiwee LAA #1 Current Flow,0.0
2022-02-01 17:54:54,Southern Owens Valley,Haiwee LAA #2 Current Flow,138.1
2022-02-01 17:54:54,Southern Owens Valley,Reinhackel Flow,1.5
2022-02-01 17:54:54,Southern Owens Valley,Lubkin Spillgate Outflow,0.2
2022-02-01 17:54:54,Southern Owens Valley,Cartago Spillgate Outflow,23.3
2022-02-01 17:54:54,Northern Owens Valley,Rock Ck. At Owens River (PV) Flow,41.6
2022-02-01 17:54:54,Northern Owens Valley,Pleasant Valley Outflow,95.8
2022-02-01 17:54:54,Northern Owens Valley,Baker Ck. At LA Station Flow,4.5
2022-02-01 17:54:54,Northern Owens Valley,Big Pine Ck. USGS Flow,7.7
2022-02-01 17:54:54,Northern Owens Valley,O.R. Below Big Pine,158.7
2022-02-01 17:54:54,Northern Owens Valley,Fish Springs At RR Flow,45.3
2022-02-01 17:54:54,Northern Owens Valley,Tinemaha Reservoir Outflow,175.1
2022-02-01 17:54:54,Northern Owens Valley,Bishop Creek Through Plant 6,35.0
2022-02-01 17:54:54,Northern Owens Valley,Bishop Creek Around Plant 6,3.2
2022-02-01 17:54:54,Lower Owens River Project,LORP Intake Flow,41.0
2022-02-01 17:54:54,Lower Owens River Project,LORP at Mazourka Canyon Road,40.0
2022-02-01 17:54:54,Lower Owens River Project,LORP at Reinhackle Springs,46.0
2022-02-01 17:54:54,Lower Owens River Project,LORP Above Pumpstation,54.0
2022-02-01 17:54:54,Lower Owens River Project,LORP At Pump Station Discharge Flow,48.0
2022-02-01 17:54:55,Southern Owens Valley,Tinemaha Elevation,3860.8
2022-02-01 17:54:55,Northern Owens Valley,Tinemaha Elevation,3860.8
2022-02-01 17:54:55,Mono Basin,Mono Lk. Elevation,6379.5
2022-02-01 17:54:55,Mono Basin,Grant Lk. Elevation,7092.5
2022-02-01 17:54:55,Long Valley,Long Valley Elevation,6765.8
2022-02-01 17:54:55,Southern District,S. Haiwee Reservoir Elevation,3732.8
2022-02-01 17:54:55,Southern District,Fairmont Reservoir Elevation,3024.1
2022-02-01 17:54:55,Southern District,Bouquet Reservoir Elevation,2986.9
2022-02-01 17:54:55,Southern Owens Valley,LAA at Alabama Level,5.9
2022-02-01 17:54:55,Southern Owens Valley,LAA at Alabama Water Temp,41.9
2022-02-01 17:54:55,Southern Owens Valley,LAA at Cottonwood Level,7.6
2022-02-01 17:54:55,Southern Owens Valley,LAA at Cotton. Water Temp,42.1
2022-02-01 17:54:55,Southern Owens Valley,N. Haiwee Elevation,3756.8
2022-02-01 17:54:55,Southern Owens Valley,S. Haiwee Reservoir Elevation,3732.8
2022-02-01 17:54:55,Northern Owens Valley,Pleasant Valley Elevation,4384.2
2022-02-01 18:09:54,Lower Owens River Project,LORP Intake Flow,41.0
2022-02-01 18:09:54,Lower Owens River Project,LORP at Mazourka Canyon Road,43.0
2022-02-01 18:09:54,Lower Owens River Project,LORP at Reinhackle Springs,46.0
2022-02-01 18:09:54,Lower Owens River Project,LORP Above Pumpstation,53.0
2022-02-01 18:09:54,Lower Owens River Project,LORP At Pump Station Discharge Flow,47.0
2022-02-01 18:09:54,Southern Owens Valley,Tinemaha Reservoir Outflow,174.4
2022-02-01 18:09:54,Southern Owens Valley,Indep. Ck. At Junction Flow,1.8
2022-02-01 18:09:54,Southern Owens Valley,LAA at Alabama Flow,195.0
2022-02-01 18:09:54,Southern Owens Valley,Cottonwood Ck. At LAA Flow,0.0
2022-02-01 18:09:54,Southern Owens Valley,LAA at Cottonwood Flow,220.0
2022-02-01 18:09:54,Southern Owens Valley,Haiwee LAA #1 Current Flow,0.0
2022-02-01 18:09:54,Southern Owens Valley,Haiwee LAA #2 Current Flow,138.1
2022-02-01 18:09:54,Southern Owens Valley,Reinhackel Flow,1.5
2022-02-01 18:09:54,Southern Owens Valley,Lubkin Spillgate Outflow,20.5
2022-02-01 18:09:54,Southern Owens Valley,Cartago Spillgate Outflow,38.6
2022-02-01 18:09:54,Southern District,Haiwee LAA #2 Current Flow,138.1
2022-02-01 18:09:54,Southern District,Haiwee LAA #1 Current Flow,0.0
2022-02-01 18:09:54,Southern District,LAA #1 Flow at Fairmont Reservoir,0.5
2022-02-01 18:09:54,Southern District,LAA #2 Flow at Fairmont Res.,158.8
2022-02-01 18:09:54,Southern District,Bouquet Reservoir Inflow,0.3
2022-02-01 18:09:54,Southern District,Bouquet Reservoir Outflow,2.5
2022-02-01 18:09:54,Southern District,LAA #1 at Soledad Flow,160.8
2022-02-01 18:09:54,Southern District,LAA #2 at Soledad Flow,0.0
2022-02-01 18:09:54,Mono Basin,Lee Vining Intake Above Flow,17.9
2022-02-01 18:09:54,Mono Basin,Lee Vining Intake Below Flow,16.5
2022-02-01 18:09:54,Mono Basin,Walker Ck. Above Conduit Flow,2.0
2022-02-01 18:09:54,Mono Basin,L.V. Conduit Below Intake Flow,3.7
2022-02-01 18:09:54,Mono Basin,Walker Ck. Under Conduit Flow,3.0
2022-02-01 18:09:54,Mono Basin,Parker Ck. Under Conduit Flow,3.0
2022-02-01 18:09:54,Mono Basin,Parker Ck. Above Conduit Flow,4.0
2022-02-01 18:09:54,Mono Basin,Grant Lk. Spill Flow,0.0
2022-02-01 18:09:54,Mono Basin,Mono Gate 1 Return Ditch Flow,27.3
2022-02-01 18:09:54,Mono Basin,Grant Lk. Outflow,76.9
2022-02-01 18:09:54,Mono Basin,Rush Ck. at Damsite Flow,27.0
2022-02-01 18:09:54,Mono Basin,Flow to West Portal,40.7
2022-02-01 18:09:54,Long Valley,East Portal Flow,55.0
2022-02-01 18:09:54,Long Valley,OR Below EP Flow,98.0
2022-02-01 18:09:54,Long Valley,Hot Ck.at Hwy. Flow,0.0
2022-02-01 18:09:54,Long Valley,McGee Ck. Lower Sta. Flow,6.9
2022-02-01 18:09:54,Long Valley,Long Valley Current Outflow,0.0
2022-02-01 18:09:54,Long Valley,Rock Ck. Div. Flow,0.1
2022-02-01 18:09:54,Long Valley,Upper Gorge Total Release,54.7
2022-02-01 18:09:54,Long Valley,Release at Middle Gorge,0.0
2022-02-01 18:09:54,Northern Owens Valley,Rock Ck. At Owens River (PV) Flow,41.6
2022-02-01 18:09:54,Northern Owens Valley,Pleasant Valley Outflow,95.8
2022-02-01 18:09:54,Northern Owens Valley,Baker Ck. At LA Station Flow,4.5
2022-02-01 18:09:54,Northern Owens Valley,Big Pine Ck. USGS Flow,7.7
2022-02-01 18:09:54,Northern Owens Valley,O.R. Below Big Pine,158.7
2022-02-01 18:09:54,Northern Owens Valley,Fish Springs At RR Flow,45.3
2022-02-01 18:09:54,Northern Owens Valley,Tinemaha Reservoir Outflow,174.4
2022-02-01 18:09:54,Northern Owens Valley,Bishop Creek Through Plant 6,35.0
2022-02-01 18:09:54,Northern Owens Valley,Bishop Creek Around Plant 6,3.2
2022-02-01 18:09:55,Southern Owens Valley,LAA at Alabama Level,5.9
2022-02-01 18:09:55,Southern Owens Valley,LAA at Alabama Water Temp,41.9
2022-02-01 18:09:55,Southern Owens Valley,LAA at Cottonwood Level,7.6
2022-02-01 18:09:55,Southern Owens Valley,LAA at Cotton. Water Temp,42.1
2022-02-01 18:09:55,Southern Owens Valley,N. Haiwee Elevation,3756.8
2022-02-01 18:09:55,Southern Owens Valley,S. Haiwee Reservoir Elevation,3732.8
2022-02-01 18:09:55,Southern District,S. Haiwee Reservoir Elevation,3732.8
2022-02-01 18:09:55,Southern District,Fairmont Reservoir Elevation,3024.1
2022-02-01 18:09:55,Southern District,Bouquet Reservoir Elevation,2986.9
2022-02-01 18:09:55,Mono Basin,Mono Lk. Elevation,6379.5
2022-02-01 18:09:55,Mono Basin,Grant Lk. Elevation,7092.5
2022-02-01 18:09:55,Long Valley,Long Valley Elevation,6765.8
2022-02-01 18:09:55,Northern Owens Valley,Pleasant Valley Elevation,4384.2
2022-02-01 18:09:55,Southern Owens Valley,Tinemaha Elevation,3860.8
2022-02-01 18:09:55,Northern Owens Valley,Tinemaha Elevation,3860.8
2022-02-01 18:24:54,Lower Owens River Project,LORP Intake Flow,41.0
2022-02-01 18:24:54,Lower Owens River Project,LORP at Mazourka Canyon Road,43.0
2022-02-01 18:24:54,Lower Owens River Project,LORP at Reinhackle Springs,45.0
2022-02-01 18:24:54,Lower Owens River Project,LORP Above Pumpstation,54.0
2022-02-01 18:24:54,Lower Owens River Project,LORP At Pump Station Discharge Flow,48.0
2022-02-01 18:24:54,Southern Owens Valley,Tinemaha Reservoir Outflow,174.4
2022-02-01 18:24:54,Southern Owens Valley,Indep. Ck. At Junction Flow,1.8
2022-02-01 18:24:54,Southern Owens Valley,LAA at Alabama Flow,195.0
2022-02-01 18:24:54,Southern Owens Valley,Cottonwood Ck. At LAA Flow,0.0
2022-02-01 18:24:54,Southern Owens Valley,LAA at Cottonwood Flow,229.0
2022-02-01 18:24:54,Southern Owens Valley,Haiwee LAA #1 Current Flow,0.0
2022-02-01 18:24:54,Southern Owens Valley,Haiwee LAA #2 Current Flow,137.9
2022-02-01 18:24:54,Southern Owens Valley,Reinhackel Flow,1.5
2022-02-01 18:24:54,Southern Owens Valley,Lubkin Spillgate Outflow,17.6
2022-02-01 18:24:54,Southern Owens Valley,Cartago Spillgate Outflow,40.8
2022-02-01 18:24:54,Southern District,Haiwee LAA #2 Current Flow,137.9
2022-02-01 18:24:54,Southern District,Haiwee LAA #1 Current Flow,0.0
2022-02-01 18:24:54,Southern District,LAA #1 Flow at Fairmont Reservoir,0.5
2022-02-01 18:24:54,Southern District,LAA #2 Flow at Fairmont Res.,158.8
2022-02-01 18:24:54,Southern District,Bouquet Reservoir Inflow,0.3
2022-02-01 18:24:54,Southern District,Bouquet Reservoir Outflow,2.5
2022-02-01 18:24:54,Southern District,LAA #1 at Soledad Flow,160.8
2022-02-01 18:24:54,Southern District,LAA #2 at Soledad Flow,0.0
2022-02-01 18:24:54,Mono Basin,Lee Vining Intake Above Flow,17.9
2022-02-01 18:24:54,Mono Basin,Lee Vining Intake Below Flow,16.5
2022-02-01 18:24:54,Mono Basin,Walker Ck. Above Conduit Flow,2.0
2022-02-01 18:24:54,Mono Basin,L.V. Conduit Below Intake Flow,3.7
2022-02-01 18:24:54,Mono Basin,Walker Ck. Under Conduit Flow,3.0
2022-02-01 18:24:54,Mono Basin,Parker Ck. Under Conduit Flow,3.0
2022-02-01 18:24:54,Mono Basin,Parker Ck. Above Conduit Flow,4.0
2022-02-01 18:24:54,Mono Basin,Grant Lk. Spill Flow,0.0
2022-02-01 18:24:54,Mono Basin,Mono Gate 1 Return Ditch Flow,27.3
2022-02-01 18:24:54,Mono Basin,Grant Lk. Outflow,76.2
2022-02-01 18:24:54,Mono Basin,Rush Ck. at Damsite Flow,27.0
2022-02-01 18:24:54,Mono Basin,Flow to West Portal,40.7
2022-02-01 18:24:54,Long Valley,East Portal Flow,55.0
2022-02-01 18:24:54,Long Valley,OR Below EP Flow,98.0
2022-02-01 18:24:54,Long Valley,Hot Ck.at Hwy. Flow,0.0
2022-02-01 18:24:54,Long Valley,McGee Ck. Lower Sta. Flow,6.9
2022-02-01 18:24:54,Long Valley,Long Valley Current Outflow,0.0
2022-02-01 18:24:54,Long Valley,Rock Ck. Div. Flow,0.1
2022-02-01 18:24:54,Long Valley,Upper Gorge Total Release,54.7
2022-02-01 18:24:54,Long Valley,Release at Middle Gorge,0.0
2022-02-01 18:24:54,Northern Owens Valley,Rock Ck. At Owens River (PV) Flow,41.6
2022-02-01 18:24:54,Northern Owens Valley,Pleasant Valley Outflow,95.8
2022-02-01 18:24:54,Northern Owens Valley,Baker Ck. At LA Station Flow,4.5
2022-02-01 18:24:54,Northern Owens Valley,Big Pine Ck. USGS Flow,7.7
2022-02-01 18:24:54,Northern Owens Valley,O.R. Below Big Pine,158.7
2022-02-01 18:24:54,Northern Owens Valley,Fish Springs At RR Flow,45.3
2022-02-01 18:24:54,Northern Owens Valley,Tinemaha Reservoir Outflow,174.4
2022-02-01 18:24:54,Northern Owens Valley,Bishop Creek Through Plant 6,39.3
2022-02-01 18:24:54,Northern Owens Valley,Bishop Creek Around Plant 6,3.2
2022-02-01 18:24:55,Southern Owens Valley,Tinemaha Elevation,3860.8
2022-02-01 18:24:55,Southern Owens Valley,LAA at Alabama Level,5.9
2022-02-01 18:24:55,Southern Owens Valley,LAA at Alabama Water Temp,41.9
2022-02-01 18:24:55,Southern Owens Valley,LAA at Cottonwood Level,7.7
2022-02-01 18:24:55,Southern Owens Valley,LAA at Cotton. Water Temp,41.8
2022-02-01 18:24:55,Southern Owens Valley,N. Haiwee Elevation,3756.8
2022-02-01 18:24:55,Southern Owens Valley,S. Haiwee Reservoir Elevation,3732.8
2022-02-01 18:24:55,Southern District,S. Haiwee Reservoir Elevation,3732.8
2022-02-01 18:24:55,Southern District,Fairmont Reservoir Elevation,3024.1
2022-02-01 18:24:55,Southern District,Bouquet Reservoir Elevation,2986.9
2022-02-01 18:24:55,Mono Basin,Mono Lk. Elevation,6379.5
2022-02-01 18:24:55,Mono Basin,Grant Lk. Elevation,7092.5
2022-02-01 18:24:55,Long Valley,Long Valley Elevation,6765.8
2022-02-01 18:24:55,Northern Owens Valley,Pleasant Valley Elevation,4384.2
2022-02-01 18:24:55,Northern Owens Valley,Tinemaha Elevation,3860.8
2022-02-01 18:39:54,Lower Owens River Project,LORP Intake Flow,41.0
2022-02-01 18:39:54,Lower Owens River Project,LORP at Mazourka Canyon Road,43.0
2022-02-01 18:39:54,Lower Owens River Project,LORP at Reinhackle Springs,45.0
2022-02-01 18:39:54,Lower Owens River Project,LORP Above Pumpstation,54.0
2022-02-01 18:39:54,Lower Owens River Project,LORP At Pump Station Discharge Flow,48.0
2022-02-01 18:39:54,Southern Owens Valley,Tinemaha Reservoir Outflow,174.4
2022-02-01 18:39:54,Southern Owens Valley,Indep. Ck. At Junction Flow,1.8
2022-02-01 18:39:54,Southern Owens Valley,LAA at Alabama Flow,195.0
2022-02-01 18:39:54,Southern Owens Valley,Cottonwood Ck. At LAA Flow,0.0
2022-02-01 18:39:54,Southern Owens Valley,LAA at Cottonwood Flow,229.0
2022-02-01 18:39:54,Southern Owens Valley,Haiwee LAA #1 Current Flow,0.0
2022-02-01 18:39:54,Southern Owens Valley,Haiwee LAA #2 Current Flow,137.9
2022-02-01 18:39:54,Southern Owens Valley,Reinhackel Flow,1.5
2022-02-01 18:39:54,Southern Owens Valley,Lubkin Spillgate Outflow,4.5
2022-02-01 18:39:54,Southern Owens Valley,Cartago Spillgate Outflow,30.7
2022-02-01 18:39:54,Southern District,Haiwee LAA #2 Current Flow,137.9
2022-02-01 18:39:54,Southern District,Haiwee LAA #1 Current Flow,0.0
2022-02-01 18:39:54,Southern District,LAA #1 Flow at Fairmont Reservoir,0.5
2022-02-01 18:39:54,Southern District,LAA #2 Flow at Fairmont Res.,158.8
2022-02-01 18:39:54,Southern District,Bouquet Reservoir Inflow,0.3
2022-02-01 18:39:54,Southern District,Bouquet Reservoir Outflow,29.2
2022-02-01 18:39:54,Southern District,LAA #1 at Soledad Flow,160.8
2022-02-01 18:39:54,Southern District,LAA #2 at Soledad Flow,0.0
2022-02-01 18:39:54,Mono Basin,Lee Vining Intake Above Flow,17.9
2022-02-01 18:39:54,Mono Basin,Lee Vining Intake Below Flow,16.5
2022-02-01 18:39:54,Mono Basin,Walker Ck. Above Conduit Flow,2.0
2022-02-01 18:39:54,Mono Basin,L.V. Conduit Below Intake Flow,3.7
2022-02-01 18:39:54,Mono Basin,Walker Ck. Under Conduit Flow,3.0
2022-02-01 18:39:54,Mono Basin,Parker Ck. Under Conduit Flow,3.0
2022-02-01 18:39:54,Mono Basin,Parker Ck. Above Conduit Flow,4.0
2022-02-01 18:39:54,Mono Basin,Grant Lk. Spill Flow,0.0
2022-02-01 18:39:54,Mono Basin,Mono Gate 1 Return Ditch Flow,27.3
2022-02-01 18:39:54,Mono Basin,Grant Lk. Outflow,76.8
2022-02-01 18:39:54,Mono Basin,Rush Ck. at Damsite Flow,27.0
2022-02-01 18:39:54,Mono Basin,Flow to West Portal,40.7
2022-02-01 18:39:54,Long Valley,East Portal Flow,55.0
2022-02-01 18:39:54,Long Valley,OR Below EP Flow,98.0
2022-02-01 18:39:54,Long Valley,Hot Ck.at Hwy. Flow,0.0
2022-02-01 18:39:54,Long Valley,McGee Ck. Lower Sta. Flow,6.9
2022-02-01 18:39:54,Long Valley,Long Valley Current Outflow,0.0
2022-02-01 18:39:54,Long Valley,Rock Ck. Div. Flow,0.1
2022-02-01 18:39:54,Long Valley,Upper Gorge Total Release,54.7
2022-02-01 18:39:54,Long Valley,Release at Middle Gorge,0.0
2022-02-01 18:39:54,Northern Owens Valley,Rock Ck. At Owens River (PV) Flow,41.6
2022-02-01 18:39:54,Northern Owens Valley,Pleasant Valley Outflow,95.8
2022-02-01 18:39:54,Northern Owens Valley,Baker Ck. At LA Station Flow,4.5
2022-02-01 18:39:54,Northern Owens Valley,Big Pine Ck. USGS Flow,7.7
2022-02-01 18:39:54,Northern Owens Valley,O.R. Below Big Pine,158.7
2022-02-01 18:39:54,Northern Owens Valley,Fish Springs At RR Flow,45.3
2022-02-01 18:39:54,Northern Owens Valley,Tinemaha Reservoir Outflow,174.4
2022-02-01 18:39:54,Northern Owens Valley,Bishop Creek Through Plant 6,39.3
2022-02-01 18:39:54,Northern Owens Valley,Bishop Creek Around Plant 6,3.2
2022-02-01 18:39:55,Southern Owens Valley,LAA at Alabama Level,5.9
2022-02-01 18:39:55,Southern Owens Valley,LAA at Alabama Water Temp,41.9
2022-02-01 18:39:55,Southern Owens Valley,LAA at Cottonwood Level,7.7
2022-02-01 18:39:55,Southern Owens Valley,LAA at Cotton. Water Temp,41.8
2022-02-01 18:39:55,Southern Owens Valley,N. Haiwee Elevation,3756.8
2022-02-01 18:39:55,Southern Owens Valley,S. Haiwee Reservoir Elevation,3732.8
2022-02-01 18:39:55,Southern District,S. Haiwee Reservoir Elevation,3732.8
2022-02-01 18:39:55,Southern District,Fairmont Reservoir Elevation,3024.1
2022-02-01 18:39:55,Southern District,Bouquet Reservoir Elevation,2986.9
2022-02-01 18:39:55,Mono Basin,Mono Lk. Elevation,6379.5
2022-02-01 18:39:55,Mono Basin,Grant Lk. Elevation,7092.5
2022-02-01 18:39:55,Long Valley,Long Valley Elevation,6765.9
2022-02-01 18:39:55,Northern Owens Valley,Pleasant Valley Elevation,4384.2
2022-02-01 18:39:55,Southern Owens Valley,Tinemaha Elevation,3860.8
2022-02-01 18:39:55,Northern Owens Valley,Tinemaha Elevation,3860.8
2022-02-01 18:54:54,Lower Owens River Project,LORP Intake Flow,41.0
2022-02-01 18:54:54,Lower Owens River Project,LORP at Mazourka Canyon Road,43.0
2022-02-01 18:54:54,Lower Owens River Project,LORP at Reinhackle Springs,45.0
2022-02-01 18:54:54,Lower Owens River Project,LORP Above Pumpstation,54.0
2022-02-01 18:54:54,Lower Owens River Project,LORP At Pump Station Discharge Flow,48.0
2022-02-01 18:54:54,Southern Owens Valley,Tinemaha Reservoir Outflow,250.4
2022-02-01 18:54:54,Southern Owens Valley,Indep. Ck. At Junction Flow,1.8
2022-02-01 18:54:54,Southern Owens Valley,LAA at Alabama Flow,192.0
2022-02-01 18:54:54,Southern Owens Valley,LAA at Alabama Level,5.8
2022-02-01 18:54:54,Southern Owens Valley,LAA at Alabama Water Temp,41.6
2022-02-01 18:54:54,Southern Owens Valley,Cottonwood Ck. At LAA Flow,0.0
2022-02-01 18:54:54,Southern Owens Valley,LAA at Cottonwood Flow,222.0
2022-02-01 18:54:54,Southern Owens Valley,LAA at Cottonwood Level,7.6
2022-02-01 18:54:54,Southern Owens Valley,LAA at Cotton. Water Temp,41.5
2022-02-01 18:54:54,Southern Owens Valley,Haiwee LAA #1 Current Flow,0.0
2022-02-01 18:54:54,Southern Owens Valley,Haiwee LAA #2 Current Flow,137.9
2022-02-01 18:54:54,Southern Owens Valley,Reinhackel Flow,1.5
2022-02-01 18:54:54,Southern Owens Valley,Lubkin Spillgate Outflow,15.8
2022-02-01 18:54:54,Southern Owens Valley,Cartago Spillgate Outflow,28.3
2022-02-01 18:54:54,Southern District,Haiwee LAA #2 Current Flow,137.9
2022-02-01 18:54:54,Southern District,Haiwee LAA #1 Current Flow,0.0
2022-02-01 18:54:54,Southern District,LAA #1 Flow at Fairmont Reservoir,0.5
2022-02-01 18:54:54,Southern District,LAA #2 Flow at Fairmont Res.,158.8
2022-02-01 18:54:54,Southern District,Bouquet Reservoir Inflow,0.3
2022-02-01 18:54:54,Southern District,Bouquet Reservoir Outflow,2.6
2022-02-01 18:54:54,Southern District,LAA #1 at Soledad Flow,160.8
2022-02-01 18:54:54,Southern District,LAA #2 at Soledad Flow,0.0
2022-02-01 18:54:54,Mono Basin,Lee Vining Intake Above Flow,17.9
2022-02-01 18:54:54,Mono Basin,Lee Vining Intake Below Flow,16.5
2022-02-01 18:54:54,Mono Basin,Walker Ck. Above Conduit Flow,2.0
2022-02-01 18:54:54,Mono Basin,L.V. Conduit Below Intake Flow,3.7
2022-02-01 18:54:54,Mono Basin,Walker Ck. Under Conduit Flow,3.0
2022-02-01 18:54:54,Mono Basin,Parker Ck. Under Conduit Flow,3.0
2022-02-01 18:54:54,Mono Basin,Parker Ck. Above Conduit Flow,4.0
2022-02-01 18:54:54,Mono Basin,Grant Lk. Spill Flow,0.0
2022-02-01 18:54:54,Mono Basin,Mono Gate 1 Return Ditch Flow,27.3
2022-02-01 18:54:54,Mono Basin,Grant Lk. Outflow,76.0
2022-02-01 18:54:54,Mono Basin,Rush Ck. at Damsite Flow,27.0
2022-02-01 18:54:54,Mono Basin,Flow to West Portal,40.7
2022-02-01 18:54:54,Long Valley,East Portal Flow,55.0
2022-02-01 18:54:54,Long Valley,OR Below EP Flow,98.0
2022-02-01 18:54:54,Long Valley,Hot Ck.at Hwy. Flow,0.0
2022-02-01 18:54:54,Long Valley,McGee Ck. Lower Sta. Flow,6.9
2022-02-01 18:54:54,Long Valley,Long Valley Current Outflow,0.0
2022-02-01 18:54:54,Long Valley,Rock Ck. Div. Flow,0.1
2022-02-01 18:54:54,Long Valley,Upper Gorge Total Release,55.1
2022-02-01 18:54:54,Long Valley,Release at Middle Gorge,0.0
2022-02-01 18:54:54,Northern Owens Valley,Rock Ck. At Owens River (PV) Flow,41.3
2022-02-01 18:54:54,Northern Owens Valley,Pleasant Valley Outflow,95.8
2022-02-01 18:54:54,Northern Owens Valley,Baker Ck. At LA Station Flow,4.5
2022-02-01 18:54:54,Northern Owens Valley,Big Pine Ck. USGS Flow,7.7
2022-02-01 18:54:54,Northern Owens Valley,O.R. Below Big Pine,158.7
2022-02-01 18:54:54,Northern Owens Valley,Fish Springs At RR Flow,45.3
2022-02-01 18:54:54,Northern Owens Valley,Tinemaha Reservoir Outflow,250.4
2022-02-01 18:54:54,Northern Owens Valley,Bishop Creek Through Plant 6,39.3
2022-02-01 18:54:54,Northern Owens Valley,Bishop Creek Around Plant 6,3.2
2022-02-01 18:54:55,Southern Owens Valley,Tinemaha Elevation,3860.8
2022-02-01 18:54:55,Southern Owens Valley,N. Haiwee Elevation,3756.8
2022-02-01 18:54:55,Southern Owens Valley,S. Haiwee Reservoir Elevation,3732.8
2022-02-01 18:54:55,Southern District,S. Haiwee Reservoir Elevation,3732.8
2022-02-01 18:54:55,Southern District,Fairmont Reservoir Elevation,3024.1
2022-02-01 18:54:55,Southern District,Bouquet Reservoir Elevation,2986.9
2022-02-01 18:54:55,Mono Basin,Mono Lk. Elevation,6379.5
2022-02-01 18:54:55,Mono Basin,Grant Lk. Elevation,7092.5
2022-02-01 18:54:55,Long Valley,Long Valley Elevation,6765.9
2022-02-01 18:54:55,Northern Owens Valley,Pleasant Valley Elevation,4384.2
2022-02-01 18:54:55,Northern Owens Valley,Tinemaha Elevation,3860.8
2022-02-01 19:09:54,Lower Owens River Project,LORP Intake Flow,41.0
2022-02-01 19:09:54,Lower Owens River Project,LORP at Mazourka Canyon Road,42.0
2022-02-01 19:09:54,Lower Owens River Project,LORP at Reinhackle Springs,45.0
2022-02-01 19:09:54,Lower Owens River Project,LORP Above Pumpstation,55.0
2022-02-01 19:09:54,Lower Owens River Project,LORP At Pump Station Discharge Flow,49.0
2022-02-01 19:09:54,Southern Owens Valley,Tinemaha Reservoir Outflow,174.8
2022-02-01 19:09:54,Southern Owens Valley,Indep. Ck. At Junction Flow,1.8
2022-02-01 19:09:54,Southern Owens Valley,LAA at Alabama Flow,191.0
2022-02-01 19:09:54,Southern Owens Valley,Cottonwood Ck. At LAA Flow,0.0
2022-02-01 19:09:54,Southern Owens Valley,LAA at Cottonwood Flow,226.0
2022-02-01 19:09:54,Southern Owens Valley,Haiwee LAA #1 Current Flow,0.0
2022-02-01 19:09:54,Southern Owens Valley,Haiwee LAA #2 Current Flow,137.9
2022-02-01 19:09:54,Southern Owens Valley,Reinhackel Flow,1.5
2022-02-01 19:09:54,Southern Owens Valley,Lubkin Spillgate Outflow,20.3
2022-02-01 19:09:54,Southern Owens Valley,Cartago Spillgate Outflow,46.2
2022-02-01 19:09:54,Southern District,Haiwee LAA #2 Current Flow,137.9
2022-02-01 19:09:54,Southern District,Haiwee LAA #1 Current Flow,0.0
2022-02-01 19:09:54,Southern District,LAA #1 Flow at Fairmont Reservoir,0.5
2022-02-01 19:09:54,Southern District,LAA #2 Flow at Fairmont Res.,158.8
2022-02-01 19:09:54,Southern District,Bouquet Reservoir Inflow,0.3
2022-02-01 19:09:54,Southern District,Bouquet Reservoir Outflow,0.9
2022-02-01 19:09:54,Southern District,LAA #1 at Soledad Flow,160.8
2022-02-01 19:09:54,Southern District,LAA #2 at Soledad Flow,0.0
2022-02-01 19:09:54,Mono Basin,Lee Vining Intake Above Flow,17.9
2022-02-01 19:09:54,Mono Basin,Lee Vining Intake Below Flow,16.5
2022-02-01 19:09:54,Mono Basin,Walker Ck. Above Conduit Flow,2.0
2022-02-01 19:09:54,Mono Basin,L.V. Conduit Below Intake Flow,3.7
2022-02-01 19:09:54,Mono Basin,Walker Ck. Under Conduit Flow,3.0
2022-02-01 19:09:54,Mono Basin,Parker Ck. Under Conduit Flow,3.0
2022-02-01 19:09:54,Mono Basin,Parker Ck. Above Conduit Flow,4.0
2022-02-01 19:09:54,Mono Basin,Grant Lk. Spill Flow,0.0
2022-02-01 19:09:54,Mono Basin,Mono Gate 1 Return Ditch Flow,27.3
2022-02-01 19:09:54,Mono Basin,Grant Lk. Outflow,76.0
2022-02-01 19:09:54,Mono Basin,Rush Ck. at Damsite Flow,27.0
2022-02-01 19:09:54,Mono Basin,Flow to West Portal,40.7
2022-02-01 19:09:54,Long Valley,East Portal Flow,54.0
2022-02-01 19:09:54,Long Valley,OR Below EP Flow,98.0
2022-02-01 19:09:54,Long Valley,Hot Ck.at Hwy. Flow,0.0
2022-02-01 19:09:54,Long Valley,McGee Ck. Lower Sta. Flow,6.9
2022-02-01 19:09:54,Long Valley,Long Valley Current Outflow,0.0
2022-02-01 19:09:54,Long Valley,Rock Ck. Div. Flow,0.1
2022-02-01 19:09:54,Long Valley,Upper Gorge Total Release,55.1
2022-02-01 19:09:54,Long Valley,Release at Middle Gorge,0.0
2022-02-01 19:09:54,Northern Owens Valley,Rock Ck. At Owens River (PV) Flow,41.3
2022-02-01 19:09:54,Northern Owens Valley,Pleasant Valley Outflow,95.8
2022-02-01 19:09:54,Northern Owens Valley,Baker Ck. At LA Station Flow,4.5
2022-02-01 19:09:54,Northern Owens Valley,Big Pine Ck. USGS Flow,7.7
2022-02-01 19:09:54,Northern Owens Valley,O.R. Below Big Pine,158.5
2022-02-01 19:09:54,Northern Owens Valley,Fish Springs At RR Flow,45.4
2022-02-01 19:09:54,Northern Owens Valley,Tinemaha Reservoir Outflow,174.8
2022-02-01 19:09:54,Northern Owens Valley,Bishop Creek Through Plant 6,39.3
2022-02-01 19:09:54,Northern Owens Valley,Bishop Creek Around Plant 6,3.2
2022-02-01 19:09:55,Southern Owens Valley,LAA at Alabama Level,5.8
2022-02-01 19:09:55,Southern Owens Valley,LAA at Alabama Water Temp,41.4
2022-02-01 19:09:55,Southern Owens Valley,LAA at Cottonwood Level,7.7
2022-02-01 19:09:55,Southern Owens Valley,LAA at Cotton. Water Temp,41.3
2022-02-01 19:09:55,Southern Owens Valley,N. Haiwee Elevation,3756.8
2022-02-01 19:09:55,Southern Owens Valley,S. Haiwee Reservoir Elevation,3732.8
2022-02-01 19:09:55,Southern District,S. Haiwee Reservoir Elevation,3732.8
2022-02-01 19:09:55,Southern District,Fairmont Reservoir Elevation,3024.1
2022-02-01 19:09:55,Southern District,Bouquet Reservoir Elevation,2986.9
2022-02-01 19:09:55,Mono Basin,Mono Lk. Elevation,6379.5
2022-02-01 19:09:55,Mono Basin,Grant Lk. Elevation,7092.5
2022-02-01 19:09:55,Long Valley,Long Valley Elevation,6765.9
2022-02-01 19:09:55,Northern Owens Valley,Pleasant Valley Elevation,4384.2
2022-02-01 19:09:55,Southern Owens Valley,Tinemaha Elevation,3860.8
2022-02-01 19:09:55,Northern Owens Valley,Tinemaha Elevation,3860.8
2022-02-01 19:24:54,Lower Owens River Project,LORP Intake Flow,41.0
2022-02-01 19:24:54,Lower Owens River Project,LORP at Mazourka Canyon Road,42.0
2022-02-01 19:24:54,Lower Owens River Project,LORP at Reinhackle Springs,45.0
2022-02-01 19:24:54,Lower Owens River Project,LORP Above Pumpstation,52.0
2022-02-01 19:24:54,Lower Owens River Project,LORP At Pump Station Discharge Flow,47.0
2022-02-01 19:24:54,Southern Owens Valley,Tinemaha Reservoir Outflow,174.8
2022-02-01 19:24:54,Southern Owens Valley,Indep. Ck. At Junction Flow,1.8
2022-02-01 19:24:54,Southern Owens Valley,LAA at Alabama Flow,191.0
2022-02-01 19:24:54,Southern Owens Valley,Cottonwood Ck. At LAA Flow,0.0
2022-02-01 19:24:54,Southern Owens Valley,LAA at Cottonwood Flow,221.0
2022-02-01 19:24:54,Southern Owens Valley,Haiwee LAA #1 Current Flow,0.0
2022-02-01 19:24:54,Southern Owens Valley,Haiwee LAA #2 Current Flow,137.9
2022-02-01 19:24:54,Southern Owens Valley,Reinhackel Flow,1.5
2022-02-01 19:24:54,Southern Owens Valley,Lubkin Spillgate Outflow,25.6
2022-02-01 19:24:54,Southern Owens Valley,Cartago Spillgate Outflow,46.5
2022-02-01 19:24:54,Southern District,Haiwee LAA #2 Current Flow,137.9
2022-02-01 19:24:54,Southern District,Haiwee LAA #1 Current Flow,0.0
2022-02-01 19:24:54,Southern District,LAA #1 Flow at Fairmont Reservoir,0.5
2022-02-01 19:24:54,Southern District,LAA #2 Flow at Fairmont Res.,158.8
2022-02-01 19:24:54,Southern District,Bouquet Reservoir Inflow,0.3
2022-02-01 19:24:54,Southern District,Bouquet Reservoir Outflow,0.9
2022-02-01 19:24:54,Southern District,LAA #1 at Soledad Flow,160.8
2022-02-01 19:24:54,Southern District,LAA #2 at Soledad Flow,0.0
2022-02-01 19:24:54,Mono Basin,Lee Vining Intake Above Flow,17.9
2022-02-01 19:24:54,Mono Basin,Lee Vining Intake Below Flow,16.5
2022-02-01 19:24:54,Mono Basin,Walker Ck. Above Conduit Flow,2.0
2022-02-01 19:24:54,Mono Basin,L.V. Conduit Below Intake Flow,3.7
2022-02-01 19:24:54,Mono Basin,Walker Ck. Under Conduit Flow,3.0
2022-02-01 19:24:54,Mono Basin,Parker Ck. Under Conduit Flow,3.0
2022-02-01 19:24:54,Mono Basin,Parker Ck. Above Conduit Flow,4.0
2022-02-01 19:24:54,Mono Basin,Grant Lk. Spill Flow,0.0
2022-02-01 19:24:54,Mono Basin,Mono Gate 1 Return Ditch Flow,27.2
2022-02-01 19:24:54,Mono Basin,Grant Lk. Outflow,76.8
2022-02-01 19:24:54,Mono Basin,Rush Ck. at Damsite Flow,27.0
2022-02-01 19:24:54,Mono Basin,Flow to West Portal,40.7
2022-02-01 19:24:54,Long Valley,East Portal Flow,54.0
2022-02-01 19:24:54,Long Valley,OR Below EP Flow,99.0
2022-02-01 19:24:54,Long Valley,Hot Ck.at Hwy. Flow,0.0
2022-02-01 19:24:54,Long Valley,McGee Ck. Lower Sta. Flow,6.9
2022-02-01 19:24:54,Long Valley,Long Valley Current Outflow,0.0
2022-02-01 19:24:54,Long Valley,Rock Ck. Div. Flow,0.1
2022-02-01 19:24:54,Long Valley,Upper Gorge Total Release,55.1
2022-02-01 19:24:54,Long Valley,Release at Middle Gorge,0.0
2022-02-01 19:24:54,Northern Owens Valley,Rock Ck. At Owens River (PV) Flow,41.3
2022-02-01 19:24:54,Northern Owens Valley,Pleasant Valley Outflow,95.8
2022-02-01 19:24:54,Northern Owens Valley,Baker Ck. At LA Station Flow,4.5
2022-02-01 19:24:54,Northern Owens Valley,Big Pine Ck. USGS Flow,7.7
2022-02-01 19:24:54,Northern Owens Valley,O.R. Below Big Pine,158.2
2022-02-01 19:24:54,Northern Owens Valley,Fish Springs At RR Flow,45.4
2022-02-01 19:24:54,Northern Owens Valley,Tinemaha Reservoir Outflow,174.8
2022-02-01 19:24:54,Northern Owens Valley,Bishop Creek Through Plant 6,39.3
2022-02-01 19:24:54,Northern Owens Valley,Bishop Creek Around Plant 6,3.2
2022-02-01 19:24:55,Southern Owens Valley,Tinemaha Elevation,3860.8
2022-02-01 19:24:55,Southern Owens Valley,LAA at Alabama Level,5.8
2022-02-01 19:24:55,Southern Owens Valley,LAA at Alabama Water Temp,41.4
2022-02-01 19:24:55,Southern Owens Valley,LAA at Cottonwood Level,7.6
2022-02-01 19:24:55,Southern Owens Valley,LAA at Cotton. Water Temp,41.1
2022-02-01 19:24:55,Southern Owens Valley,N. Haiwee Elevation,3756.8
2022-02-01 19:24:55,Southern Owens Valley,S. Haiwee Reservoir Elevation,3732.8
2022-02-01 19:24:55,Southern District,S. Haiwee Reservoir Elevation,3732.8
2022-02-01 19:24:55,Southern District,Fairmont Reservoir Elevation,3024.1
2022-02-01 19:24:55,Southern District,Bouquet Reservoir Elevation,2986.9
2022-02-01 19:24:55,Mono Basin,Mono Lk. Elevation,6379.5
2022-02-01 19:24:55,Mono Basin,Grant Lk. Elevation,7092.5
2022-02-01 19:24:55,Long Valley,Long Valley Elevation,6765.9
2022-02-01 19:24:55,Northern Owens Valley,Pleasant Valley Elevation,4384.2
2022-02-01 19:24:55,Northern Owens Valley,Tinemaha Elevation,3860.8
2022-02-01 19:39:54,Lower Owens River Project,LORP Intake Flow,41.0
2022-02-01 19:39:54,Lower Owens River Project,LORP at Mazourka Canyon Road,42.0
2022-02-01 19:39:54,Lower Owens River Project,LORP at Reinhackle Springs,45.0
2022-02-01 19:39:54,Lower Owens River Project,LORP Above Pumpstation,40.0
2022-02-01 19:39:54,Lower Owens River Project,LORP At Pump Station Discharge Flow,34.0
2022-02-01 19:39:54,Southern Owens Valley,Tinemaha Reservoir Outflow,177.2
2022-02-01 19:39:54,Southern Owens Valley,Indep. Ck. At Junction Flow,1.7
2022-02-01 19:39:54,Southern Owens Valley,LAA at Alabama Flow,191.0
2022-02-01 19:39:54,Southern Owens Valley,Cottonwood Ck. At LAA Flow,0.0
2022-02-01 19:39:54,Southern Owens Valley,LAA at Cottonwood Flow,221.0
2022-02-01 19:39:54,Southern Owens Valley,Haiwee LAA #1 Current Flow,0.0
2022-02-01 19:39:54,Southern Owens Valley,Haiwee LAA #2 Current Flow,137.9
2022-02-01 19:39:54,Southern Owens Valley,Reinhackel Flow,1.5
2022-02-01 19:39:54,Southern Owens Valley,Lubkin Spillgate Outflow,20.4
2022-02-01 19:39:54,Southern Owens Valley,Cartago Spillgate Outflow,32.7
2022-02-01 19:39:54,Southern District,Haiwee LAA #2 Current Flow,137.9
2022-02-01 19:39:54,Southern District,Haiwee LAA #1 Current Flow,0.0
2022-02-01 19:39:54,Southern District,LAA #1 Flow at Fairmont Reservoir,0.5
2022-02-01 19:39:54,Southern District,LAA #2 Flow at Fairmont Res.,158.8
2022-02-01 19:39:54,Southern District,Bouquet Reservoir Inflow,0.3
2022-02-01 19:39:54,Southern District,Bouquet Reservoir Outflow,0.9
2022-02-01 19:39:54,Southern District,LAA #1 at Soledad Flow,165.0
2022-02-01 19:39:54,Southern District,LAA #2 at Soledad Flow,0.0
2022-02-01 19:39:54,Mono Basin,Lee Vining Intake Above Flow,17.9
2022-02-01 19:39:54,Mono Basin,Lee Vining Intake Below Flow,16.5
2022-02-01 19:39:54,Mono Basin,Walker Ck. Above Conduit Flow,2.0
2022-02-01 19:39:54,Mono Basin,L.V. Conduit Below Intake Flow,3.7
2022-02-01 19:39:54,Mono Basin,Walker Ck. Under Conduit Flow,3.0
2022-02-01 19:39:54,Mono Basin,Parker Ck. Under Conduit Flow,3.0
2022-02-01 19:39:54,Mono Basin,Parker Ck. Above Conduit Flow,4.0
2022-02-01 19:39:54,Mono Basin,Grant Lk. Spill Flow,0.0
2022-02-01 19:39:54,Mono Basin,Mono Gate 1 Return Ditch Flow,27.2
2022-02-01 19:39:54,Mono Basin,Grant Lk. Outflow,76.8
2022-02-01 19:39:54,Mono Basin,Rush Ck. at Damsite Flow,27.0
2022-02-01 19:39:54,Mono Basin,Flow to West Portal,40.7
2022-02-01 19:39:54,Long Valley,East Portal Flow,54.0
2022-02-01 19:39:54,Long Valley,OR Below EP Flow,99.0
2022-02-01 19:39:54,Long Valley,Hot Ck.at Hwy. Flow,0.0
2022-02-01 19:39:54,Long Valley,McGee Ck. Lower Sta. Flow,6.9
2022-02-01 19:39:54,Long Valley,Long Valley Current Outflow,0.0
2022-02-01 19:39:54,Long Valley,Rock Ck. Div. Flow,0.1
2022-02-01 19:39:54,Long Valley,Upper Gorge Total Release,55.1
2022-02-01 19:39:54,Long Valley,Release at Middle Gorge,0.0
2022-02-01 19:39:54,Northern Owens Valley,Rock Ck. At Owens River (PV) Flow,41.3
2022-02-01 19:39:54,Northern Owens Valley,Pleasant Valley Outflow,95.8
2022-02-01 19:39:54,Northern Owens Valley,Baker Ck. At LA Station Flow,4.5
2022-02-01 19:39:54,Northern Owens Valley,Big Pine Ck. USGS Flow,7.7
2022-02-01 19:39:54,Northern Owens Valley,O.R. Below Big Pine,158.4
2022-02-01 19:39:54,Northern Owens Valley,Fish Springs At RR Flow,45.4
2022-02-01 19:39:54,Northern Owens Valley,Tinemaha Reservoir Outflow,177.2
2022-02-01 19:39:54,Northern Owens Valley,Bishop Creek Through Plant 6,39.3
2022-02-01 19:39:54,Northern Owens Valley,Bishop Creek Around Plant 6,3.2
2022-02-01 19:39:55,Southern Owens Valley,LAA at Alabama Level,5.8
2022-02-01 19:39:55,Southern Owens Valley,LAA at Alabama Water Temp,41.4
2022-02-01 19:39:55,Southern Owens Valley,LAA at Cottonwood Level,7.6
2022-02-01 19:39:55,Southern Owens Valley,LAA at Cotton. Water Temp,41.1
2022-02-01 19:39:55,Southern Owens Valley,N. Haiwee Elevation,3756.8
2022-02-01 19:39:55,Southern Owens Valley,S. Haiwee Reservoir Elevation,3732.8
2022-02-01 19:39:55,Southern District,S. Haiwee Reservoir Elevation,3732.8
2022-02-01 19:39:55,Southern District,Fairmont Reservoir Elevation,3024.1
2022-02-01 19:39:55,Southern District,Bouquet Reservoir Elevation,2986.9
2022-02-01 19:39:55,Mono Basin,Mono Lk. Elevation,6379.5
2022-02-01 19:39:55,Mono Basin,Grant Lk. Elevation,7092.5
2022-02-01 19:39:55,Long Valley,Long Valley Elevation,6765.9
2022-02-01 19:39:55,Northern Owens Valley,Pleasant Valley Elevation,4384.2
2022-02-01 19:39:55,Southern Owens Valley,Tinemaha Elevation,3860.8
2022-02-01 19:39:55,Northern Owens Valley,Tinemaha Elevation,3860.8
2022-02-01 19:54:54,Lower Owens River Project,LORP Intake Flow,41.0
2022-02-01 19:54:54,Lower Owens River Project,LORP at Mazourka Canyon Road,42.0
2022-02-01 19:54:54,Lower Owens River Project,LORP at Reinhackle Springs,45.0
2022-02-01 19:54:54,Lower Owens River Project,LORP Above Pumpstation,41.0
2022-02-01 19:54:54,Lower Owens River Project,LORP At Pump Station Discharge Flow,34.0
2022-02-01 19:54:54,Southern Owens Valley,Tinemaha Elevation,3860.8
2022-02-01 19:54:54,Southern Owens Valley,Tinemaha Reservoir Outflow,181.6
2022-02-01 19:54:54,Southern Owens Valley,Indep. Ck. At Junction Flow,1.7
2022-02-01 19:54:54,Southern Owens Valley,LAA at Alabama Flow,190.0
2022-02-01 19:54:54,Southern Owens Valley,LAA at Alabama Level,5.8
2022-02-01 19:54:54,Southern Owens Valley,LAA at Alabama Water Temp,41.1
2022-02-01 19:54:54,Southern Owens Valley,Cottonwood Ck. At LAA Flow,0.0
2022-02-01 19:54:54,Southern Owens Valley,LAA at Cottonwood Flow,220.0
2022-02-01 19:54:54,Southern Owens Valley,LAA at Cottonwood Level,7.6
2022-02-01 19:54:54,Southern Owens Valley,LAA at Cotton. Water Temp,40.9
2022-02-01 19:54:54,Southern Owens Valley,N. Haiwee Elevation,3756.8
2022-02-01 19:54:54,Southern Owens Valley,S. Haiwee Reservoir Elevation,3732.8
2022-02-01 19:54:54,Southern Owens Valley,Haiwee LAA #1 Current Flow,0.0
2022-02-01 19:54:54,Southern Owens Valley,Haiwee LAA #2 Current Flow,137.9
2022-02-01 19:54:54,Southern Owens Valley,Reinhackel Flow,1.5
2022-02-01 19:54:54,Southern Owens Valley,Lubkin Spillgate Outflow,20.9
2022-02-01 19:54:54,Southern Owens Valley,Cartago Spillgate Outflow,40.3
2022-02-01 19:54:54,Southern District,Haiwee LAA #2 Current Flow,137.9
2022-02-01 19:54:54,Southern District,S. Haiwee Reservoir Elevation,3732.8
2022-02-01 19:54:54,Southern District,Haiwee LAA #1 Current Flow,0.0
2022-02-01 19:54:54,Southern District,Fairmont Reservoir Elevation,3024.1
2022-02-01 19:54:54,Southern District,LAA #1 Flow at Fairmont Reservoir,0.5
2022-02-01 19:54:54,Southern District,LAA #2 Flow at Fairmont Res.,158.8
2022-02-01 19:54:54,Southern District,Bouquet Reservoir Elevation,2986.9
2022-02-01 19:54:54,Southern District,Bouquet Reservoir Inflow,0.3
2022-02-01 19:54:54,Southern District,Bouquet Reservoir Outflow,0.9
2022-02-01 19:54:54,Southern District,LAA #1 at Soledad Flow,165.0
2022-02-01 19:54:54,Southern District,LAA #2 at Soledad Flow,0.0
2022-02-01 19:54:54,Mono Basin,Lee Vining Intake Above Flow,17.9
2022-02-01 19:54:54,Mono Basin,Lee Vining Intake Below Flow,16.5
2022-02-01 19:54:54,Mono Basin,Mono Lk. Elevation,6379.5
2022-02-01 19:54:54,Mono Basin,Walker Ck. Above Conduit Flow,2.0
2022-02-01 19:54:54,Mono Basin,L.V. Conduit Below Intake Flow,3.7
2022-02-01 19:54:54,Mono Basin,Walker Ck. Under Conduit Flow,3.0
2022-02-01 19:54:54,Mono Basin,Parker Ck. Under Conduit Flow,3.0
2022-02-01 19:54:54,Mono Basin,Parker Ck. Above Conduit Flow,4.0
2022-02-01 19:54:54,Mono Basin,Grant Lk. Spill Flow,0.0
2022-02-01 19:54:54,Mono Basin,Mono Gate 1 Return Ditch Flow,27.5
2022-02-01 19:54:54,Mono Basin,Grant Lk. Elevation,7092.5
2022-02-01 19:54:54,Mono Basin,Grant Lk. Outflow,77.2
2022-02-01 19:54:54,Mono Basin,Rush Ck. at Damsite Flow,27.0
2022-02-01 19:54:54,Mono Basin,Flow to West Portal,40.7
2022-02-01 19:54:54,Long Valley,East Portal Flow,54.0
2022-02-01 19:54:54,Long Valley,OR Below EP Flow,98.0
2022-02-01 19:54:54,Long Valley,Hot Ck.at Hwy. Flow,0.0
2022-02-01 19:54:54,Long Valley,McGee Ck. Lower Sta. Flow,6.9
2022-02-01 19:54:54,Long Valley,Long Valley Elevation,6765.9
2022-02-01 19:54:54,Long Valley,Long Valley Current Outflow,0.0
2022-02-01 19:54:54,Long Valley,Rock Ck. Div. Flow,0.1
2022-02-01 19:54:54,Long Valley,Upper Gorge Total Release,54.7
2022-02-01 19:54:54,Long Valley,Release at Middle Gorge,0.0
2022-02-01 19:54:54,Northern Owens Valley,Rock Ck. At Owens River (PV) Flow,41.3
2022-02-01 19:54:54,Northern Owens Valley,Pleasant Valley Elevation,4384.2
2022-02-01 19:54:54,Northern Owens Valley,Pleasant Valley Outflow,95.4
2022-02-01 19:54:54,Northern Owens Valley,Baker Ck. At LA Station Flow,4.5
2022-02-01 19:54:54,Northern Owens Valley,Big Pine Ck. USGS Flow,7.7
2022-02-01 19:54:54,Northern Owens Valley,O.R. Below Big Pine,159.0
2022-02-01 19:54:54,Northern Owens Valley,Fish Springs At RR Flow,45.4
2022-02-01 19:54:54,Northern Owens Valley,Tinemaha Elevation,3860.8
2022-02-01 19:54:54,Northern Owens Valley,Tinemaha Reservoir Outflow,181.6
2022-02-01 19:54:54,Northern Owens Valley,Bishop Creek Through Plant 6,39.3
2022-02-01 19:54:54,Northern Owens Valley,Bishop Creek Around Plant 6,3.2
2022-02-01 20:09:54,Lower Owens River Project,LORP Intake Flow,41.0
2022-02-01 20:09:54,Lower Owens River Project,LORP at Mazourka Canyon Road,41.0
2022-02-01 20:09:54,Lower Owens River Project,LORP at Reinhackle Springs,45.0
2022-02-01 20:09:54,Lower Owens River Project,LORP Above Pumpstation,41.0
2022-02-01 20:09:54,Lower Owens River Project,LORP At Pump Station Discharge Flow,35.0
2022-02-01 20:09:54,Southern Owens Valley,Tinemaha Reservoir Outflow,150.1
2022-02-01 20:09:54,Southern Owens Valley,Indep. Ck. At Junction Flow,1.6
2022-02-01 20:09:54,Southern Owens Valley,LAA at Alabama Flow,190.0
2022-02-01 20:09:54,Southern Owens Valley,LAA at Alabama Level,5.8
2022-02-01 20:09:54,Southern Owens Valley,LAA at Alabama Water Temp,41.1
2022-02-01 20:09:54,Southern Owens Valley,Cottonwood Ck. At LAA Flow,0.0
2022-02-01 20:09:54,Southern Owens Valley,LAA at Cottonwood Flow,220.0
2022-02-01 20:09:54,Southern Owens Valley,LAA at Cottonwood Level,7.6
2022-02-01 20:09:54,Southern Owens Valley,LAA at Cotton. Water Temp,40.9
2022-02-01 20:09:54,Southern Owens Valley,N. Haiwee Elevation,3756.8
2022-02-01 20:09:54,Southern Owens Valley,S. Haiwee Reservoir Elevation,3732.8
2022-02-01 20:09:54,Southern Owens Valley,Haiwee LAA #1 Current Flow,0.0
2022-02-01 20:09:54,Southern Owens Valley,Haiwee LAA #2 Current Flow,137.9
2022-02-01 20:09:54,Southern Owens Valley,Reinhackel Flow,1.5
2022-02-01 20:09:54,Southern Owens Valley,Lubkin Spillgate Outflow,16.6
2022-02-01 20:09:54,Southern Owens Valley,Cartago Spillgate Outflow,26.5
2022-02-01 20:09:54,Southern District,Haiwee LAA #2 Current Flow,137.9
2022-02-01 20:09:54,Southern District,S. Haiwee Reservoir Elevation,3732.8
2022-02-01 20:09:54,Southern District,Haiwee LAA #1 Current Flow,0.0
2022-02-01 20:09:54,Southern District,Fairmont Reservoir Elevation,3024.1
2022-02-01 20:09:54,Southern District,LAA #1 Flow at Fairmont Reservoir,0.5
2022-02-01 20:09:54,Southern District,LAA #2 Flow at Fairmont Res.,158.8
2022-02-01 20:09:54,Southern District,Bouquet Reservoir Elevation,2986.9
2022-02-01 20:09:54,Southern District,Bouquet Reservoir Inflow,0.3
2022-02-01 20:09:54,Southern District,Bouquet Reservoir Outflow,0.9
2022-02-01 20:09:54,Southern District,LAA #1 at Soledad Flow,165.0
2022-02-01 20:09:54,Southern District,LAA #2 at Soledad Flow,0.0
2022-02-01 20:09:54,Mono Basin,Lee Vining Intake Above Flow,17.9
2022-02-01 20:09:54,Mono Basin,Lee Vining Intake Below Flow,16.5
2022-02-01 20:09:54,Mono Basin,Mono Lk. Elevation,6379.5
2022-02-01 20:09:54,Mono Basin,Walker Ck. Above Conduit Flow,2.0
2022-02-01 20:09:54,Mono Basin,L.V. Conduit Below Intake Flow,3.7
2022-02-01 20:09:54,Mono Basin,Walker Ck. Under Conduit Flow,3.0
2022-02-01 20:09:54,Mono Basin,Parker Ck. Under Conduit Flow,3.0
2022-02-01 20:09:54,Mono Basin,Parker Ck. Above Conduit Flow,4.0
2022-02-01 20:09:54,Mono Basin,Grant Lk. Spill Flow,0.0
2022-02-01 20:09:54,Mono Basin,Mono Gate 1 Return Ditch Flow,27.5
2022-02-01 20:09:54,Mono Basin,Grant Lk. Elevation,7092.5
2022-02-01 20:09:54,Mono Basin,Grant Lk. Outflow,77.2
2022-02-01 20:09:54,Mono Basin,Rush Ck. at Damsite Flow,27.0
2022-02-01 20:09:54,Mono Basin,Flow to West Portal,40.7
2022-02-01 20:09:54,Long Valley,East Portal Flow,54.0
2022-02-01 20:09:54,Long Valley,OR Below EP Flow,98.0
2022-02-01 20:09:54,Long Valley,Hot Ck.at Hwy. Flow,0.0
2022-02-01 20:09:54,Long Valley,McGee Ck. Lower Sta. Flow,6.9
2022-02-01 20:09:54,Long Valley,Long Valley Elevation,6765.9
2022-02-01 20:09:54,Long Valley,Long Valley Current Outflow,0.0
2022-02-01 20:09:54,Long Valley,Rock Ck. Div. Flow,0.1
2022-02-01 20:09:54,Long Valley,Upper Gorge Total Release,54.7
2022-02-01 20:09:54,Long Valley,Release at Middle Gorge,0.0
2022-02-01 20:09:54,Northern Owens Valley,Rock Ck. At Owens River (PV) Flow,41.3
2022-02-01 20:09:54,Northern Owens Valley,Pleasant Valley Elevation,4384.2
2022-02-01 20:09:54,Northern Owens Valley,Pleasant Valley Outflow,95.4
2022-02-01 20:09:54,Northern Owens Valley,Baker Ck. At LA Station Flow,4.5
2022-02-01 20:09:54,Northern Owens Valley,Big Pine Ck. USGS Flow,7.7
2022-02-01 20:09:54,Northern Owens Valley,O.R. Below Big Pine,158.9
2022-02-01 20:09:54,Northern Owens Valley,Fish Springs At RR Flow,45.5
2022-02-01 20:09:54,Northern Owens Valley,Tinemaha Reservoir Outflow,150.1
2022-02-01 20:09:54,Northern Owens Valley,Bishop Creek Through Plant 6,39.3
2022-02-01 20:09:54,Northern Owens Valley,Bishop Creek Around Plant 6,3.2
2022-02-01 20:09:54,Northern Owens Valley,Tinemaha Elevation,3860.8
2022-02-01 20:24:54,Lower Owens River Project,LORP Intake Flow,41.0
2022-02-01 20:24:54,Lower Owens River Project,LORP at Mazourka Canyon Road,41.0
2022-02-01 20:24:54,Lower Owens River Project,LORP at Reinhackle Springs,43.0
2022-02-01 20:24:54,Lower Owens River Project,LORP Above Pumpstation,54.0
2022-02-01 20:24:54,Lower Owens River Project,LORP At Pump Station Discharge Flow,48.0
2022-02-01 20:24:54,Southern Owens Valley,Tinemaha Reservoir Outflow,150.1
2022-02-01 20:24:54,Southern Owens Valley,Indep. Ck. At Junction Flow,1.6
2022-02-01 20:24:54,Southern Owens Valley,LAA at Alabama Flow,188.0
2022-02-01 20:24:54,Southern Owens Valley,Cottonwood Ck. At LAA Flow,0.0
2022-02-01 20:24:54,Southern Owens Valley,LAA at Cottonwood Flow,220.0
2022-02-01 20:24:54,Southern Owens Valley,Haiwee LAA #1 Current Flow,0.0
2022-02-01 20:24:54,Southern Owens Valley,Haiwee LAA #2 Current Flow,137.9
2022-02-01 20:24:54,Southern Owens Valley,Reinhackel Flow,1.5
2022-02-01 20:24:54,Southern Owens Valley,Lubkin Spillgate Outflow,1.7
2022-02-01 20:24:54,Southern Owens Valley,Cartago Spillgate Outflow,26.5
2022-02-01 20:24:54,Southern District,Haiwee LAA #2 Current Flow,137.9
2022-02-01 20:24:54,Southern District,Haiwee LAA #1 Current Flow,0.0
2022-02-01 20:24:54,Southern District,LAA #1 Flow at Fairmont Reservoir,0.5
2022-02-01 20:24:54,Southern District,LAA #2 Flow at Fairmont Res.,158.8
2022-02-01 20:24:54,Southern District,Bouquet Reservoir Inflow,0.3
2022-02-01 20:24:54,Southern District,Bouquet Reservoir Outflow,0.9
2022-02-01 20:24:54,Southern District,LAA #1 at Soledad Flow,165.0
2022-02-01 20:24:54,Southern District,LAA #2 at Soledad Flow,0.0
2022-02-01 20:24:54,Mono Basin,Lee Vining Intake Above Flow,17.9
2022-02-01 20:24:54,Mono Basin,Lee Vining Intake Below Flow,16.5
2022-02-01 20:24:54,Mono Basin,Walker Ck. Above Conduit Flow,2.0
2022-02-01 20:24:54,Mono Basin,L.V. Conduit Below Intake Flow,3.7
2022-02-01 20:24:54,Mono Basin,Walker Ck. Under Conduit Flow,3.0
2022-02-01 20:24:54,Mono Basin,Parker Ck. Under Conduit Flow,3.0
2022-02-01 20:24:54,Mono Basin,Parker Ck. Above Conduit Flow,4.0
2022-02-01 20:24:54,Mono Basin,Grant Lk. Spill Flow,0.0
2022-02-01 20:24:54,Mono Basin,Mono Gate 1 Return Ditch Flow,27.3
2022-02-01 20:24:54,Mono Basin,Grant Lk. Outflow,76.8
2022-02-01 20:24:54,Mono Basin,Rush Ck. at Damsite Flow,27.0
2022-02-01 20:24:54,Mono Basin,Flow to West Portal,40.7
2022-02-01 20:24:54,Long Valley,East Portal Flow,54.0
2022-02-01 20:24:54,Long Valley,OR Below EP Flow,98.0
2022-02-01 20:24:54,Long Valley,Hot Ck.at Hwy. Flow,0.0
2022-02-01 20:24:54,Long Valley,McGee Ck. Lower Sta. Flow,6.9
2022-02-01 20:24:54,Long Valley,Long Valley Current Outflow,0.0
2022-02-01 20:24:54,Long Valley,Rock Ck. Div. Flow,0.1
2022-02-01 20:24:54,Long Valley,Upper Gorge Total Release,54.7
2022-02-01 20:24:54,Long Valley,Release at Middle Gorge,0.0
2022-02-01 20:24:54,Northern Owens Valley,Rock Ck. At Owens River (PV) Flow,41.3
2022-02-01 20:24:54,Northern Owens Valley,Pleasant Valley Outflow,95.4
2022-02-01 20:24:54,Northern Owens Valley,Baker Ck. At LA Station Flow,4.5
2022-02-01 20:24:54,Northern Owens Valley,Big Pine Ck. USGS Flow,7.7
2022-02-01 20:24:54,Northern Owens Valley,O.R. Below Big Pine,158.7
2022-02-01 20:24:54,Northern Owens Valley,Fish Springs At RR Flow,45.5
2022-02-01 20:24:54,Northern Owens Valley,Tinemaha Reservoir Outflow,150.1
2022-02-01 20:24:54,Northern Owens Valley,Bishop Creek Through Plant 6,39.3
2022-02-01 20:24:54,Northern Owens Valley,Bishop Creek Around Plant 6,3.2
2022-02-01 20:24:55,Southern Owens Valley,Tinemaha Elevation,3860.8
2022-02-01 20:24:55,Southern Owens Valley,LAA at Alabama Level,5.8
2022-02-01 20:24:55,Southern Owens Valley,LAA at Alabama Water Temp,40.9
2022-02-01 20:24:55,Southern Owens Valley,LAA at Cottonwood Level,7.6
2022-02-01 20:24:55,Southern Owens Valley,LAA at Cotton. Water Temp,40.6
2022-02-01 20:24:55,Southern Owens Valley,N. Haiwee Elevation,3756.8
2022-02-01 20:24:55,Southern Owens Valley,S. Haiwee Reservoir Elevation,3732.8
2022-02-01 20:24:55,Southern District,S. Haiwee Reservoir Elevation,3732.8
2022-02-01 20:24:55,Southern District,Fairmont Reservoir Elevation,3024.1
2022-02-01 20:24:55,Southern District,Bouquet Reservoir Elevation,2986.9
2022-02-01 20:24:55,Mono Basin,Mono Lk. Elevation,6379.5
2022-02-01 20:24:55,Mono Basin,Grant Lk. Elevation,7092.5
2022-02-01 20:24:55,Long Valley,Long Valley Elevation,6765.9
2022-02-01 20:24:55,Northern Owens Valley,Pleasant Valley Elevation,4384.2
2022-02-01 20:24:55,Northern Owens Valley,Tinemaha Elevation,3860.8
2022-02-01 20:39:54,Lower Owens River Project,LORP Intake Flow,41.0
2022-02-01 20:39:54,Lower Owens River Project,LORP at Mazourka Canyon Road,41.0
2022-02-01 20:39:54,Lower Owens River Project,LORP at Reinhackle Springs,43.0
2022-02-01 20:39:54,Lower Owens River Project,LORP Above Pumpstation,53.0
2022-02-01 20:39:54,Lower Owens River Project,LORP At Pump Station Discharge Flow,48.0
2022-02-01 20:39:54,Southern Owens Valley,Tinemaha Reservoir Outflow,179.7
2022-02-01 20:39:54,Southern Owens Valley,Indep. Ck. At Junction Flow,1.6
2022-02-01 20:39:54,Southern Owens Valley,LAA at Alabama Flow,188.0
2022-02-01 20:39:54,Southern Owens Valley,Cottonwood Ck. At LAA Flow,0.0
2022-02-01 20:39:54,Southern Owens Valley,LAA at Cottonwood Flow,220.0
2022-02-01 20:39:54,Southern Owens Valley,Haiwee LAA #1 Current Flow,0.0
2022-02-01 20:39:54,Southern Owens Valley,Haiwee LAA #2 Current Flow,137.9
2022-02-01 20:39:54,Southern Owens Valley,Reinhackel Flow,1.5
2022-02-01 20:39:54,Southern Owens Valley,Lubkin Spillgate Outflow,1.7
2022-02-01 20:39:54,Southern Owens Valley,Cartago Spillgate Outflow,22.0
2022-02-01 20:39:54,Southern District,Haiwee LAA #2 Current Flow,137.9
2022-02-01 20:39:54,Southern District,Haiwee LAA #1 Current Flow,0.0
2022-02-01 20:39:54,Southern District,LAA #1 Flow at Fairmont Reservoir,0.5
2022-02-01 20:39:54,Southern District,LAA #2 Flow at Fairmont Res.,158.8
2022-02-01 20:39:54,Southern District,Bouquet Reservoir Inflow,0.3
2022-02-01 20:39:54,Southern District,Bouquet Reservoir Outflow,0.9
2022-02-01 20:39:54,Southern District,LAA #1 at Soledad Flow,165.0
2022-02-01 20:39:54,Southern District,LAA #2 at Soledad Flow,0.0
2022-02-01 20:39:54,Mono Basin,Lee Vining Intake Above Flow,17.9
2022-02-01 20:39:54,Mono Basin,Lee Vining Intake Below Flow,16.5
2022-02-01 20:39:54,Mono Basin,Walker Ck. Above Conduit Flow,2.0
2022-02-01 20:39:54,Mono Basin,L.V. Conduit Below Intake Flow,3.7
2022-02-01 20:39:54,Mono Basin,Walker Ck. Under Conduit Flow,3.0
2022-02-01 20:39:54,Mono Basin,Parker Ck. Under Conduit Flow,3.0
2022-02-01 20:39:54,Mono Basin,Parker Ck. Above Conduit Flow,4.0
2022-02-01 20:39:54,Mono Basin,Grant Lk. Spill Flow,0.0
2022-02-01 20:39:54,Mono Basin,Mono Gate 1 Return Ditch Flow,27.3
2022-02-01 20:39:54,Mono Basin,Grant Lk. Outflow,76.8
2022-02-01 20:39:54,Mono Basin,Rush Ck. at Damsite Flow,27.0
2022-02-01 20:39:54,Mono Basin,Flow to West Portal,40.7
2022-02-01 20:39:54,Long Valley,East Portal Flow,54.0
2022-02-01 20:39:54,Long Valley,OR Below EP Flow,98.0
2022-02-01 20:39:54,Long Valley,Hot Ck.at Hwy. Flow,0.0
2022-02-01 20:39:54,Long Valley,McGee Ck. Lower Sta. Flow,6.9
2022-02-01 20:39:54,Long Valley,Long Valley Current Outflow,0.0
2022-02-01 20:39:54,Long Valley,Rock Ck. Div. Flow,0.1
2022-02-01 20:39:54,Long Valley,Upper Gorge Total Release,54.7
2022-02-01 20:39:54,Long Valley,Release at Middle Gorge,0.0
2022-02-01 20:39:54,Northern Owens Valley,Rock Ck. At Owens River (PV) Flow,41.3
2022-02-01 20:39:54,Northern Owens Valley,Pleasant Valley Outflow,95.4
2022-02-01 20:39:54,Northern Owens Valley,Baker Ck. At LA Station Flow,4.5
2022-02-01 20:39:54,Northern Owens Valley,Big Pine Ck. USGS Flow,7.7
2022-02-01 20:39:54,Northern Owens Valley,O.R. Below Big Pine,158.7
2022-02-01 20:39:54,Northern Owens Valley,Fish Springs At RR Flow,45.5
2022-02-01 20:39:54,Northern Owens Valley,Tinemaha Reservoir Outflow,179.7
2022-02-01 20:39:54,Northern Owens Valley,Bishop Creek Through Plant 6,39.3
2022-02-01 20:39:54,Northern Owens Valley,Bishop Creek Around Plant 6,3.2
2022-02-01 20:39:55,Southern Owens Valley,LAA at Alabama Level,5.8
2022-02-01 20:39:55,Southern Owens Valley,LAA at Alabama Water Temp,40.9
2022-02-01 20:39:55,Southern Owens Valley,LAA at Cottonwood Level,7.6
2022-02-01 20:39:55,Southern Owens Valley,LAA at Cotton. Water Temp,40.6
2022-02-01 20:39:55,Southern Owens Valley,N. Haiwee Elevation,3756.8
2022-02-01 20:39:55,Southern Owens Valley,S. Haiwee Reservoir Elevation,3732.8
2022-02-01 20:39:55,Southern District,S. Haiwee Reservoir Elevation,3732.8
2022-02-01 20:39:55,Southern District,Fairmont Reservoir Elevation,3024.1
2022-02-01 20:39:55,Southern District,Bouquet Reservoir Elevation,2986.9
2022-02-01 20:39:55,Mono Basin,Mono Lk. Elevation,6379.5
2022-02-01 20:39:55,Mono Basin,Grant Lk. Elevation,7092.5
2022-02-01 20:39:55,Long Valley,Long Valley Elevation,6765.9
2022-02-01 20:39:55,Northern Owens Valley,Pleasant Valley Elevation,4384.2
2022-02-01 20:39:55,Northern Owens Valley,Tinemaha Elevation,3860.8
2022-02-01 20:54:55,Lower Owens River Project,LORP Intake Flow,41.0
2022-02-01 20:54:55,Lower Owens River Project,LORP at Mazourka Canyon Road,41.0
2022-02-01 20:54:55,Lower Owens River Project,LORP at Reinhackle Springs,43.0
2022-02-01 20:54:55,Lower Owens River Project,LORP Above Pumpstation,54.0
2022-02-01 20:54:55,Lower Owens River Project,LORP At Pump Station Discharge Flow,48.0
2022-02-01 20:54:55,Southern Owens Valley,Tinemaha Reservoir Outflow,180.0
2022-02-01 20:54:55,Southern Owens Valley,Indep. Ck. At Junction Flow,1.6
2022-02-01 20:54:55,Southern Owens Valley,LAA at Alabama Flow,183.0
2022-02-01 20:54:55,Southern Owens Valley,Cottonwood Ck. At LAA Flow,0.0
2022-02-01 20:54:55,Southern Owens Valley,LAA at Cottonwood Flow,222.0
2022-02-01 20:54:55,Southern Owens Valley,Haiwee LAA #1 Current Flow,0.0
2022-02-01 20:54:55,Southern Owens Valley,Haiwee LAA #2 Current Flow,137.9
2022-02-01 20:54:55,Southern Owens Valley,Reinhackel Flow,1.5
2022-02-01 20:54:55,Southern Owens Valley,Lubkin Spillgate Outflow,1.7
2022-02-01 20:54:55,Southern Owens Valley,Cartago Spillgate Outflow,29.1
2022-02-01 20:54:55,Southern District,Haiwee LAA #2 Current Flow,137.9
2022-02-01 20:54:55,Southern District,Haiwee LAA #1 Current Flow,0.0
2022-02-01 20:54:55,Mono Basin,Lee Vining Intake Above Flow,17.9
2022-02-01 20:54:55,Mono Basin,Lee Vining Intake Below Flow,16.5
2022-02-01 20:54:55,Mono Basin,Walker Ck. Above Conduit Flow,2.0
2022-02-01 20:54:55,Mono Basin,L.V. Conduit Below Intake Flow,3.7
2022-02-01 20:54:55,Mono Basin,Walker Ck. Under Conduit Flow,3.0
2022-02-01 20:54:55,Mono Basin,Parker Ck. Under Conduit Flow,3.0
2022-02-01 20:54:55,Mono Basin,Parker Ck. Above Conduit Flow,4.0
2022-02-01 20:54:55,Mono Basin,Grant Lk. Spill Flow,0.0
2022-02-01 20:54:55,Mono Basin,Mono Gate 1 Return Ditch Flow,27.3
2022-02-01 20:54:55,Mono Basin,Grant Lk. Outflow,76.8
2022-02-01 20:54:55,Mono Basin,Rush Ck. at Damsite Flow,27.0
2022-02-01 20:54:55,Mono Basin,Flow to West Portal,40.7
2022-02-01 20:54:55,Long Valley,East Portal Flow,54.0
2022-02-01 20:54:55,Long Valley,OR Below EP Flow,98.0
2022-02-01 20:54:55,Long Valley,Hot Ck.at Hwy. Flow,0.0
2022-02-01 20:54:55,Long Valley,McGee Ck. Lower Sta. Flow,6.9
2022-02-01 20:54:55,Long Valley,Long Valley Current Outflow,0.0
2022-02-01 20:54:55,Long Valley,Rock Ck. Div. Flow,0.1
2022-02-01 20:54:55,Long Valley,Upper Gorge Total Release,54.6
2022-02-01 20:54:55,Long Valley,Release at Middle Gorge,0.0
2022-02-01 20:54:55,Northern Owens Valley,Rock Ck. At Owens River (PV) Flow,41.3
2022-02-01 20:54:55,Northern Owens Valley,Pleasant Valley Outflow,95.7
2022-02-01 20:54:55,Northern Owens Valley,Baker Ck. At LA Station Flow,4.5
2022-02-01 20:54:55,Northern Owens Valley,Big Pine Ck. USGS Flow,7.7
2022-02-01 20:54:55,Northern Owens Valley,O.R. Below Big Pine,158.8
2022-02-01 20:54:55,Northern Owens Valley,Fish Springs At RR Flow,45.5
2022-02-01 20:54:55,Northern Owens Valley,Tinemaha Reservoir Outflow,180.0
2022-02-01 20:54:55,Northern Owens Valley,Bishop Creek Through Plant 6,39.3
2022-02-01 20:54:55,Northern Owens Valley,Bishop Creek Around Plant 6,3.2
2022-02-01 20:55:06,Southern District,LAA #1 Flow at Fairmont Reservoir,0.5
2022-02-01 20:55:06,Southern District,LAA #2 Flow at Fairmont Res.,158.8
2022-02-01 20:55:06,Southern District,Bouquet Reservoir Inflow,0.3
2022-02-01 20:55:06,Southern District,Bouquet Reservoir Outflow,2.2
2022-02-01 20:55:06,Southern District,LAA #1 at Soledad Flow,165.0
2022-02-01 20:55:06,Southern District,LAA #2 at Soledad Flow,0.0
2022-02-01 21:03:17,Southern Owens Valley,LAA at Alabama Level,5.7
2022-02-01 21:03:17,Southern Owens Valley,LAA at Alabama Water Temp,40.6
2022-02-01 21:03:17,Southern Owens Valley,LAA at Cottonwood Level,7.6
2022-02-01 21:03:17,Southern Owens Valley,LAA at Cotton. Water Temp,40.4
2022-02-01 21:03:22,Southern Owens Valley,Tinemaha Elevation,3860.8
2022-02-01 21:03:22,Southern Owens Valley,N. Haiwee Elevation,3756.8
2022-02-01 21:03:22,Southern Owens Valley,S. Haiwee Reservoir Elevation,3732.8
2022-02-01 21:03:22,Southern District,S. Haiwee Reservoir Elevation,3732.8
2022-02-01 21:03:22,Southern District,Fairmont Reservoir Elevation,3024.1
2022-02-01 21:03:22,Southern District,Bouquet Reservoir Elevation,2986.8
2022-02-01 21:03:22,Mono Basin,Mono Lk. Elevation,6379.5
2022-02-01 21:03:22,Mono Basin,Grant Lk. Elevation,7092.5
2022-02-01 21:03:22,Long Valley,Long Valley Elevation,6765.9
2022-02-01 21:03:22,Northern Owens Valley,Pleasant Valley Elevation,4384.2
2022-02-01 21:03:22,Northern Owens Valley,Tinemaha Elevation,3860.8
2022-02-01 21:09:54,Lower Owens River Project,LORP Intake Flow,41.0
2022-02-01 21:09:54,Lower Owens River Project,LORP at Mazourka Canyon Road,41.0
2022-02-01 21:09:54,Lower Owens River Project,LORP at Reinhackle Springs,43.0
2022-02-01 21:09:54,Lower Owens River Project,LORP Above Pumpstation,54.0
2022-02-01 21:09:54,Lower Owens River Project,LORP At Pump Station Discharge Flow,48.0
2022-02-01 21:09:54,Southern Owens Valley,Tinemaha Reservoir Outflow,175.0
2022-02-01 21:09:54,Southern Owens Valley,Indep. Ck. At Junction Flow,1.6
2022-02-01 21:09:54,Southern Owens Valley,LAA at Alabama Flow,183.0
2022-02-01 21:09:54,Southern Owens Valley,LAA at Alabama Water Temp,40.6
2022-02-01 21:09:54,Southern Owens Valley,Cottonwood Ck. At LAA Flow,0.0
2022-02-01 21:09:54,Southern Owens Valley,LAA at Cottonwood Flow,222.0
2022-02-01 21:09:54,Southern Owens Valley,LAA at Cotton. Water Temp,40.4
2022-02-01 21:09:54,Southern Owens Valley,Haiwee LAA #1 Current Flow,0.0
2022-02-01 21:09:54,Southern Owens Valley,Haiwee LAA #2 Current Flow,137.9
2022-02-01 21:09:54,Southern Owens Valley,Reinhackel Flow,1.5
2022-02-01 21:09:54,Southern Owens Valley,Lubkin Spillgate Outflow,1.7
2022-02-01 21:09:54,Southern Owens Valley,Cartago Spillgate Outflow,24.3
2022-02-01 21:09:54,Southern District,Haiwee LAA #2 Current Flow,137.9
2022-02-01 21:09:54,Southern District,Haiwee LAA #1 Current Flow,0.0
2022-02-01 21:09:54,Southern District,LAA #1 Flow at Fairmont Reservoir,0.5
2022-02-01 21:09:54,Southern District,LAA #2 Flow at Fairmont Res.,159.0
2022-02-01 21:09:54,Southern District,Bouquet Reservoir Inflow,0.3
2022-02-01 21:09:54,Southern District,Bouquet Reservoir Outflow,2.2
2022-02-01 21:09:54,Southern District,LAA #1 at Soledad Flow,165.0
2022-02-01 21:09:54,Southern District,LAA #2 at Soledad Flow,0.0
2022-02-01 21:09:54,Mono Basin,Lee Vining Intake Above Flow,17.9
2022-02-01 21:09:54,Mono Basin,Lee Vining Intake Below Flow,16.5
2022-02-01 21:09:54,Mono Basin,Walker Ck. Above Conduit Flow,2.0
2022-02-01 21:09:54,Mono Basin,L.V. Conduit Below Intake Flow,3.7
2022-02-01 21:09:54,Mono Basin,Walker Ck. Under Conduit Flow,3.0
2022-02-01 21:09:54,Mono Basin,Parker Ck. Under Conduit Flow,3.0
2022-02-01 21:09:54,Mono Basin,Parker Ck. Above Conduit Flow,4.0
2022-02-01 21:09:54,Mono Basin,Grant Lk. Spill Flow,0.0
2022-02-01 21:09:54,Mono Basin,Mono Gate 1 Return Ditch Flow,27.3
2022-02-01 21:09:54,Mono Basin,Grant Lk. Outflow,76.8
2022-02-01 21:09:54,Mono Basin,Rush Ck. at Damsite Flow,27.0
2022-02-01 21:09:54,Mono Basin,Flow to West Portal,40.7
2022-02-01 21:09:54,Long Valley,East Portal Flow,54.0
2022-02-01 21:09:54,Long Valley,OR Below EP Flow,98.0
2022-02-01 21:09:54,Long Valley,Hot Ck.at Hwy. Flow,0.0
2022-02-01 21:09:54,Long Valley,McGee Ck. Lower Sta. Flow,6.9
2022-02-01 21:09:54,Long Valley,Long Valley Current Outflow,0.0
2022-02-01 21:09:54,Long Valley,Rock Ck. Div. Flow,0.1
2022-02-01 21:09:54,Long Valley,Upper Gorge Total Release,54.6
2022-02-01 21:09:54,Long Valley,Release at Middle Gorge,0.0
2022-02-01 21:09:54,Northern Owens Valley,Rock Ck. At Owens River (PV) Flow,41.3
2022-02-01 21:09:54,Northern Owens Valley,Pleasant Valley Outflow,95.7
2022-02-01 21:09:54,Northern Owens Valley,Baker Ck. At LA Station Flow,4.5
2022-02-01 21:09:54,Northern Owens Valley,Big Pine Ck. USGS Flow,7.7
2022-02-01 21:09:54,Northern Owens Valley,O.R. Below Big Pine,158.4
2022-02-01 21:09:54,Northern Owens Valley,Fish Springs At RR Flow,45.5
2022-02-01 21:09:54,Northern Owens Valley,Tinemaha Reservoir Outflow,175.0
2022-02-01 21:09:54,Northern Owens Valley,Bishop Creek Through Plant 6,39.3
2022-02-01 21:09:54,Northern Owens Valley,Bishop Creek Around Plant 6,3.2
2022-02-01 21:09:55,Southern Owens Valley,LAA at Alabama Level,5.7
2022-02-01 21:09:55,Southern Owens Valley,LAA at Cottonwood Level,7.6
2022-02-01 21:09:57,Southern Owens Valley,N. Haiwee Elevation,3756.8
2022-02-01 21:09:57,Southern Owens Valley,S. Haiwee Reservoir Elevation,3732.8
2022-02-01 21:09:57,Southern District,S. Haiwee Reservoir Elevation,3732.8
2022-02-01 21:09:57,Southern District,Fairmont Reservoir Elevation,3024.1
2022-02-01 21:09:57,Southern District,Bouquet Reservoir Elevation,2986.8
2022-02-01 21:09:57,Mono Basin,Mono Lk. Elevation,6379.5
2022-02-01 21:09:57,Mono Basin,Grant Lk. Elevation,7092.5
2022-02-01 21:09:57,Long Valley,Long Valley Elevation,6765.9
2022-02-01 21:09:57,Northern Owens Valley,Pleasant Valley Elevation,4384.2
2022-02-01 21:24:53,Lower Owens River Project,LORP Intake Flow,41.0
2022-02-01 21:24:53,Lower Owens River Project,LORP at Mazourka Canyon Road,41.0
2022-02-01 21:24:53,Lower Owens River Project,LORP at Reinhackle Springs,38.0
2022-02-01 21:24:53,Lower Owens River Project,LORP Above Pumpstation,54.0
2022-02-01 21:24:53,Lower Owens River Project,LORP At Pump Station Discharge Flow,48.0
2022-02-01 21:24:53,Southern Owens Valley,Tinemaha Reservoir Outflow,181.9
2022-02-01 21:24:53,Southern Owens Valley,Indep. Ck. At Junction Flow,1.6
2022-02-01 21:24:53,Southern Owens Valley,LAA at Alabama Flow,183.0
2022-02-01 21:24:53,Southern Owens Valley,Cottonwood Ck. At LAA Flow,0.0
2022-02-01 21:24:53,Southern Owens Valley,LAA at Cottonwood Flow,221.0
2022-02-01 21:24:53,Southern Owens Valley,Haiwee LAA #1 Current Flow,0.0
2022-02-01 21:24:53,Southern Owens Valley,Haiwee LAA #2 Current Flow,137.9
2022-02-01 21:24:53,Southern Owens Valley,Reinhackel Flow,1.5
2022-02-01 21:24:53,Southern Owens Valley,Lubkin Spillgate Outflow,1.7
2022-02-01 21:24:53,Southern Owens Valley,Cartago Spillgate Outflow,22.5
2022-02-01 21:24:53,Southern District,Haiwee LAA #2 Current Flow,137.9
2022-02-01 21:24:53,Southern District,Haiwee LAA #1 Current Flow,0.0
2022-02-01 21:24:53,Long Valley,McGee Ck. Lower Sta. Flow,6.9
2022-02-01 21:24:53,Long Valley,Long Valley Current Outflow,0.0
2022-02-01 21:24:53,Northern Owens Valley,Rock Ck. At Owens River (PV) Flow,41.3
2022-02-01 21:24:53,Northern Owens Valley,Pleasant Valley Outflow,95.7
2022-02-01 21:24:53,Northern Owens Valley,Baker Ck. At LA Station Flow,4.5
2022-02-01 21:24:53,Northern Owens Valley,Big Pine Ck. USGS Flow,7.7
2022-02-01 21:24:53,Northern Owens Valley,O.R. Below Big Pine,158.3
2022-02-01 21:24:53,Northern Owens Valley,Fish Springs At RR Flow,45.5
2022-02-01 21:24:53,Northern Owens Valley,Tinemaha Reservoir Outflow,181.9
2022-02-01 21:24:53,Northern Owens Valley,Bishop Creek Through Plant 6,39.3
2022-02-01 21:24:53,Northern Owens Valley,Bishop Creek Around Plant 6,3.2
2022-02-01 21:24:54,Southern Owens Valley,Tinemaha Elevation,3860.8
2022-02-01 21:24:54,Southern Owens Valley,LAA at Alabama Level,5.7
2022-02-01 21:24:54,Southern Owens Valley,LAA at Alabama Water Temp,40.6
2022-02-01 21:24:54,Southern Owens Valley,LAA at Cottonwood Level,7.6
2022-02-01 21:24:54,Southern Owens Valley,LAA at Cotton. Water Temp,40.2
2022-02-01 21:24:54,Southern Owens Valley,N. Haiwee Elevation,3756.8
2022-02-01 21:24:54,Southern Owens Valley,S. Haiwee Reservoir Elevation,3732.8
2022-02-01 21:24:54,Southern District,S. Haiwee Reservoir Elevation,3732.8
2022-02-01 21:24:54,Southern District,Fairmont Reservoir Elevation,3024.1
2022-02-01 21:24:54,Southern District,LAA #1 Flow at Fairmont Reservoir,0.5
2022-02-01 21:24:54,Southern District,LAA #2 Flow at Fairmont Res.,159.0
2022-02-01 21:24:54,Southern District,Bouquet Reservoir Elevation,2986.8
2022-02-01 21:24:54,Southern District,Bouquet Reservoir Inflow,0.3
2022-02-01 21:24:54,Southern District,Bouquet Reservoir Outflow,2.2
2022-02-01 21:24:54,Southern District,LAA #1 at Soledad Flow,165.0
2022-02-01 21:24:54,Southern District,LAA #2 at Soledad Flow,0.0
2022-02-01 21:24:54,Mono Basin,Lee Vining Intake Above Flow,17.9
2022-02-01 21:24:54,Mono Basin,Lee Vining Intake Below Flow,16.5
2022-02-01 21:24:54,Mono Basin,Mono Lk. Elevation,6379.5
2022-02-01 21:24:54,Mono Basin,Walker Ck. Above Conduit Flow,2.0
2022-02-01 21:24:54,Mono Basin,L.V. Conduit Below Intake Flow,3.7
2022-02-01 21:24:54,Mono Basin,Walker Ck. Under Conduit Flow,3.0
2022-02-01 21:24:54,Mono Basin,Parker Ck. Under Conduit Flow,3.0
2022-02-01 21:24:54,Mono Basin,Parker Ck. Above Conduit Flow,4.0
2022-02-01 21:24:54,Mono Basin,Grant Lk. Spill Flow,0.0
2022-02-01 21:24:54,Mono Basin,Mono Gate 1 Return Ditch Flow,27.3
2022-02-01 21:24:54,Mono Basin,Grant Lk. Elevation,7092.5
2022-02-01 21:24:54,Mono Basin,Grant Lk. Outflow,77.0
2022-02-01 21:24:54,Mono Basin,Rush Ck. at Damsite Flow,36.0
2022-02-01 21:24:54,Mono Basin,Flow to West Portal,40.7
2022-02-01 21:24:54,Long Valley,East Portal Flow,54.0
2022-02-01 21:24:54,Long Valley,OR Below EP Flow,98.0
2022-02-01 21:24:54,Long Valley,Hot Ck.at Hwy. Flow,0.0
2022-02-01 21:24:54,Long Valley,Long Valley Elevation,6765.9
2022-02-01 21:24:54,Long Valley,Rock Ck. Div. Flow,0.1
2022-02-01 21:24:54,Long Valley,Upper Gorge Total Release,54.6
2022-02-01 21:24:54,Long Valley,Release at Middle Gorge,0.0
2022-02-01 21:24:54,Northern Owens Valley,Pleasant Valley Elevation,4384.2
2022-02-01 21:24:54,Northern Owens Valley,Tinemaha Elevation,3860.8
2022-02-01 21:39:53,Lower Owens River Project,LORP Intake Flow,41.0
2022-02-01 21:39:53,Lower Owens River Project,LORP at Mazourka Canyon Road,41.0
2022-02-01 21:39:53,Lower Owens River Project,LORP at Reinhackle Springs,38.0
2022-02-01 21:39:53,Lower Owens River Project,LORP Above Pumpstation,52.0
2022-02-01 21:39:53,Lower Owens River Project,LORP At Pump Station Discharge Flow,47.0
2022-02-01 21:39:53,Southern Owens Valley,Tinemaha Reservoir Outflow,180.2
2022-02-01 21:39:53,Southern Owens Valley,Indep. Ck. At Junction Flow,1.6
2022-02-01 21:39:53,Southern Owens Valley,LAA at Alabama Flow,183.0
2022-02-01 21:39:53,Southern Owens Valley,Cottonwood Ck. At LAA Flow,0.0
2022-02-01 21:39:53,Southern Owens Valley,LAA at Cottonwood Flow,221.0
2022-02-01 21:39:53,Southern Owens Valley,Haiwee LAA #1 Current Flow,0.0
2022-02-01 21:39:53,Southern Owens Valley,Haiwee LAA #2 Current Flow,137.9
2022-02-01 21:39:53,Southern Owens Valley,Reinhackel Flow,1.5
2022-02-01 21:39:53,Southern Owens Valley,Lubkin Spillgate Outflow,0.0
2022-02-01 21:39:53,Southern Owens Valley,Cartago Spillgate Outflow,22.5
2022-02-01 21:39:53,Southern District,Haiwee LAA #2 Current Flow,137.9
2022-02-01 21:39:53,Southern District,Haiwee LAA #1 Current Flow,0.0
2022-02-01 21:39:53,Mono Basin,Walker Ck. Under Conduit Flow,3.0
2022-02-01 21:39:53,Mono Basin,Parker Ck. Under Conduit Flow,3.0
2022-02-01 21:39:53,Long Valley,Hot Ck.at Hwy. Flow,0.0
2022-02-01 21:39:53,Long Valley,McGee Ck. Lower Sta. Flow,6.9
2022-02-01 21:39:53,Long Valley,Long Valley Current Outflow,0.0
2022-02-01 21:39:53,Long Valley,Rock Ck. Div. Flow,0.1
2022-02-01 21:39:53,Long Valley,Upper Gorge Total Release,54.6
2022-02-01 21:39:53,Long Valley,Release at Middle Gorge,0.0
2022-02-01 21:39:53,Northern Owens Valley,Rock Ck. At Owens River (PV) Flow,41.3
2022-02-01 21:39:53,Northern Owens Valley,Pleasant Valley Outflow,95.7
2022-02-01 21:39:53,Northern Owens Valley,Baker Ck. At LA Station Flow,4.5
2022-02-01 21:39:53,Northern Owens Valley,Big Pine Ck. USGS Flow,7.7
2022-02-01 21:39:53,Northern Owens Valley,O.R. Below Big Pine,158.4
2022-02-01 21:39:53,Northern Owens Valley,Fish Springs At RR Flow,45.5
2022-02-01 21:39:53,Northern Owens Valley,Tinemaha Reservoir Outflow,180.2
2022-02-01 21:39:53,Northern Owens Valley,Bishop Creek Through Plant 6,39.3
2022-02-01 21:39:53,Northern Owens Valley,Bishop Creek Around Plant 6,3.2
2022-02-01 21:39:54,Southern Owens Valley,LAA at Alabama Level,5.7
2022-02-01 21:39:54,Southern Owens Valley,LAA at Alabama Water Temp,40.6
2022-02-01 21:39:54,Southern Owens Valley,LAA at Cottonwood Level,7.6
2022-02-01 21:39:54,Southern Owens Valley,LAA at Cotton. Water Temp,40.2
2022-02-01 21:39:54,Southern Owens Valley,N. Haiwee Elevation,3756.8
2022-02-01 21:39:54,Southern Owens Valley,S. Haiwee Reservoir Elevation,3732.8
2022-02-01 21:39:54,Southern District,S. Haiwee Reservoir Elevation,3732.8
2022-02-01 21:39:54,Southern District,Fairmont Reservoir Elevation,3024.1
2022-02-01 21:39:54,Southern District,LAA #1 Flow at Fairmont Reservoir,0.5
2022-02-01 21:39:54,Southern District,LAA #2 Flow at Fairmont Res.,159.0
2022-02-01 21:39:54,Southern District,Bouquet Reservoir Elevation,2986.8
2022-02-01 21:39:54,Southern District,Bouquet Reservoir Inflow,0.3
2022-02-01 21:39:54,Southern District,Bouquet Reservoir Outflow,2.2
2022-02-01 21:39:54,Southern District,LAA #1 at Soledad Flow,165.0
2022-02-01 21:39:54,Southern District,LAA #2 at Soledad Flow,0.0
2022-02-01 21:39:54,Mono Basin,Lee Vining Intake Above Flow,65.5
2022-02-01 21:39:54,Mono Basin,Lee Vining Intake Below Flow,20.1
2022-02-01 21:39:54,Mono Basin,Mono Lk. Elevation,6379.5
2022-02-01 21:39:54,Mono Basin,Walker Ck. Above Conduit Flow,2.0
2022-02-01 21:39:54,Mono Basin,L.V. Conduit Below Intake Flow,20.9
2022-02-01 21:39:54,Mono Basin,Parker Ck. Above Conduit Flow,4.0
2022-02-01 21:39:54,Mono Basin,Grant Lk. Spill Flow,0.0
2022-02-01 21:39:54,Mono Basin,Mono Gate 1 Return Ditch Flow,27.5
2022-02-01 21:39:54,Mono Basin,Grant Lk. Elevation,7092.5
2022-02-01 21:39:54,Mono Basin,Grant Lk. Outflow,76.8
2022-02-01 21:39:54,Mono Basin,Rush Ck. at Damsite Flow,36.0
2022-02-01 21:39:54,Mono Basin,Flow to West Portal,40.7
2022-02-01 21:39:54,Long Valley,East Portal Flow,54.0
2022-02-01 21:39:54,Long Valley,OR Below EP Flow,98.0
2022-02-01 21:39:54,Long Valley,Long Valley Elevation,6765.9
2022-02-01 21:39:54,Northern Owens Valley,Pleasant Valley Elevation,4384.2
2022-02-01 21:54:53,Lower Owens River Project,LORP Intake Flow,41.0
2022-02-01 21:54:53,Lower Owens River Project,LORP at Mazourka Canyon Road,41.0
2022-02-01 21:54:53,Lower Owens River Project,LORP at Reinhackle Springs,38.0
2022-02-01 21:54:53,Lower Owens River Project,LORP Above Pumpstation,40.0
2022-02-01 21:54:53,Lower Owens River Project,LORP At Pump Station Discharge Flow,34.0
2022-02-01 21:54:53,Southern Owens Valley,Tinemaha Reservoir Outflow,178.1
2022-02-01 21:54:53,Southern Owens Valley,Indep. Ck. At Junction Flow,1.6
2022-02-01 21:54:53,Southern Owens Valley,LAA at Alabama Flow,179.0
2022-02-01 21:54:53,Southern Owens Valley,Cottonwood Ck. At LAA Flow,0.0
2022-02-01 21:54:53,Southern Owens Valley,LAA at Cottonwood Flow,218.0
2022-02-01 21:54:53,Southern Owens Valley,Haiwee LAA #1 Current Flow,0.0
2022-02-01 21:54:53,Southern Owens Valley,Haiwee LAA #2 Current Flow,137.9
2022-02-01 21:54:53,Southern Owens Valley,Reinhackel Flow,1.5
2022-02-01 21:54:53,Southern Owens Valley,Lubkin Spillgate Outflow,16.6
2022-02-01 21:54:53,Southern Owens Valley,Cartago Spillgate Outflow,18.8
2022-02-01 21:54:53,Southern District,Haiwee LAA #2 Current Flow,137.9
2022-02-01 21:54:53,Southern District,Haiwee LAA #1 Current Flow,0.0
2022-02-01 21:54:53,Southern District,LAA #1 Flow at Fairmont Reservoir,0.5
2022-02-01 21:54:53,Southern District,LAA #2 Flow at Fairmont Res.,159.0
2022-02-01 21:54:53,Southern District,Bouquet Reservoir Inflow,0.3
2022-02-01 21:54:53,Southern District,Bouquet Reservoir Outflow,2.2
2022-02-01 21:54:53,Southern District,LAA #1 at Soledad Flow,165.0
2022-02-01 21:54:53,Southern District,LAA #2 at Soledad Flow,0.0
2022-02-01 21:54:53,Mono Basin,Lee Vining Intake Above Flow,65.5
2022-02-01 21:54:53,Mono Basin,Lee Vining Intake Below Flow,20.1
2022-02-01 21:54:53,Mono Basin,Walker Ck. Above Conduit Flow,2.0
2022-02-01 21:54:53,Mono Basin,L.V. Conduit Below Intake Flow,20.9
2022-02-01 21:54:53,Mono Basin,Walker Ck. Under Conduit Flow,3.0
2022-02-01 21:54:53,Mono Basin,Parker Ck. Under Conduit Flow,3.0
2022-02-01 21:54:53,Mono Basin,Parker Ck. Above Conduit Flow,4.0
2022-02-01 21:54:53,Mono Basin,Grant Lk. Spill Flow,0.0
2022-02-01 21:54:53,Mono Basin,Mono Gate 1 Return Ditch Flow,27.4
2022-02-01 21:54:53,Mono Basin,Grant Lk. Outflow,76.9
2022-02-01 21:54:53,Mono Basin,Rush Ck. at Damsite Flow,36.0
2022-02-01 21:54:53,Mono Basin,Flow to West Portal,40.7
2022-02-01 21:54:53,Long Valley,East Portal Flow,54.0
2022-02-01 21:54:53,Long Valley,OR Below EP Flow,98.0
2022-02-01 21:54:53,Long Valley,Hot Ck.at Hwy. Flow,0.0
2022-02-01 21:54:53,Long Valley,McGee Ck. Lower Sta. Flow,6.9
2022-02-01 21:54:53,Long Valley,Long Valley Current Outflow,0.0
2022-02-01 21:54:53,Long Valley,Rock Ck. Div. Flow,0.1
2022-02-01 21:54:53,Long Valley,Upper Gorge Total Release,54.7
2022-02-01 21:54:53,Long Valley,Release at Middle Gorge,0.0
2022-02-01 21:54:53,Northern Owens Valley,Rock Ck. At Owens River (PV) Flow,41.3
2022-02-01 21:54:53,Northern Owens Valley,Pleasant Valley Outflow,95.6
2022-02-01 21:54:53,Northern Owens Valley,Baker Ck. At LA Station Flow,4.5
2022-02-01 21:54:53,Northern Owens Valley,Big Pine Ck. USGS Flow,7.7
2022-02-01 21:54:53,Northern Owens Valley,O.R. Below Big Pine,158.2
2022-02-01 21:54:53,Northern Owens Valley,Fish Springs At RR Flow,45.5
2022-02-01 21:54:53,Northern Owens Valley,Tinemaha Reservoir Outflow,178.1
2022-02-01 21:54:53,Northern Owens Valley,Bishop Creek Through Plant 6,40.2
2022-02-01 21:54:53,Northern Owens Valley,Bishop Creek Around Plant 6,3.2
2022-02-01 21:54:54,Southern Owens Valley,Tinemaha Elevation,3860.8
2022-02-01 21:54:54,Southern Owens Valley,LAA at Alabama Level,5.7
2022-02-01 21:54:54,Southern Owens Valley,LAA at Alabama Water Temp,40.2
2022-02-01 21:54:54,Southern Owens Valley,LAA at Cottonwood Level,7.6
2022-02-01 21:54:54,Southern Owens Valley,LAA at Cotton. Water Temp,40.0
2022-02-01 21:54:54,Southern Owens Valley,N. Haiwee Elevation,3756.8
2022-02-01 21:54:54,Southern Owens Valley,S. Haiwee Reservoir Elevation,3732.8
2022-02-01 21:54:54,Southern District,S. Haiwee Reservoir Elevation,3732.8
2022-02-01 21:54:54,Southern District,Fairmont Reservoir Elevation,3024.1
2022-02-01 21:54:54,Southern District,Bouquet Reservoir Elevation,2986.8
2022-02-01 21:54:54,Mono Basin,Mono Lk. Elevation,6379.5
2022-02-01 21:54:54,Mono Basin,Grant Lk. Elevation,7092.5
2022-02-01 21:54:54,Long Valley,Long Valley Elevation,6765.9
2022-02-01 21:54:54,Northern Owens Valley,Pleasant Valley Elevation,4384.2
2022-02-01 21:54:54,Northern Owens Valley,Tinemaha Elevation,3860.8
2022-02-01 22:09:53,Lower Owens River Project,LORP Intake Flow,41.0
2022-02-01 22:09:53,Lower Owens River Project,LORP at Mazourka Canyon Road,39.0
2022-02-01 22:09:53,Lower Owens River Project,LORP at Reinhackle Springs,38.0
2022-02-01 22:09:53,Lower Owens River Project,LORP Above Pumpstation,41.0
2022-02-01 22:09:53,Lower Owens River Project,LORP At Pump Station Discharge Flow,35.0
2022-02-01 22:09:53,Southern Owens Valley,Tinemaha Reservoir Outflow,175.1
2022-02-01 22:09:53,Southern Owens Valley,Indep. Ck. At Junction Flow,1.6
2022-02-01 22:09:53,Southern Owens Valley,LAA at Alabama Flow,179.0
2022-02-01 22:09:53,Southern Owens Valley,Cottonwood Ck. At LAA Flow,0.0
2022-02-01 22:09:53,Southern Owens Valley,LAA at Cottonwood Flow,218.0
2022-02-01 22:09:53,Southern Owens Valley,Haiwee LAA #1 Current Flow,0.0
2022-02-01 22:09:53,Southern Owens Valley,Haiwee LAA #2 Current Flow,137.9
2022-02-01 22:09:53,Southern Owens Valley,Reinhackel Flow,1.5
2022-02-01 22:09:53,Southern Owens Valley,Lubkin Spillgate Outflow,19.5
2022-02-01 22:09:53,Southern Owens Valley,Cartago Spillgate Outflow,28.6
2022-02-01 22:09:53,Southern District,Haiwee LAA #2 Current Flow,137.9
2022-02-01 22:09:53,Southern District,Haiwee LAA #1 Current Flow,0.0
2022-02-01 22:09:53,Mono Basin,Lee Vining Intake Above Flow,65.5
2022-02-01 22:09:53,Mono Basin,Lee Vining Intake Below Flow,20.1
2022-02-01 22:09:53,Mono Basin,Walker Ck. Above Conduit Flow,2.0
2022-02-01 22:09:53,Mono Basin,L.V. Conduit Below Intake Flow,20.9
2022-02-01 22:09:53,Mono Basin,Walker Ck. Under Conduit Flow,3.0
2022-02-01 22:09:53,Mono Basin,Parker Ck. Under Conduit Flow,3.0
2022-02-01 22:09:53,Mono Basin,Parker Ck. Above Conduit Flow,4.0
2022-02-01 22:09:53,Mono Basin,Grant Lk. Spill Flow,0.0
2022-02-01 22:09:53,Mono Basin,Mono Gate 1 Return Ditch Flow,27.4
2022-02-01 22:09:53,Mono Basin,Grant Lk. Outflow,77.0
2022-02-01 22:09:53,Mono Basin,Rush Ck. at Damsite Flow,36.0
2022-02-01 22:09:53,Mono Basin,Flow to West Portal,40.7
2022-02-01 22:09:53,Long Valley,East Portal Flow,54.0
2022-02-01 22:09:53,Long Valley,OR Below EP Flow,98.0
2022-02-01 22:09:53,Long Valley,Hot Ck.at Hwy. Flow,0.0
2022-02-01 22:09:53,Long Valley,McGee Ck. Lower Sta. Flow,6.9
2022-02-01 22:09:53,Long Valley,Long Valley Current Outflow,0.0
2022-02-01 22:09:53,Long Valley,Rock Ck. Div. Flow,0.1
2022-02-01 22:09:53,Long Valley,Upper Gorge Total Release,54.7
2022-02-01 22:09:53,Long Valley,Release at Middle Gorge,0.0
2022-02-01 22:09:53,Northern Owens Valley,Rock Ck. At Owens River (PV) Flow,41.3
2022-02-01 22:09:53,Northern Owens Valley,Pleasant Valley Outflow,95.6
2022-02-01 22:09:53,Northern Owens Valley,Baker Ck. At LA Station Flow,4.5
2022-02-01 22:09:53,Northern Owens Valley,Big Pine Ck. USGS Flow,7.7
2022-02-01 22:09:53,Northern Owens Valley,O.R. Below Big Pine,158.2
2022-02-01 22:09:53,Northern Owens Valley,Fish Springs At RR Flow,45.4
2022-02-01 22:09:53,Northern Owens Valley,Tinemaha Reservoir Outflow,175.1
2022-02-01 22:09:53,Northern Owens Valley,Bishop Creek Through Plant 6,40.2
2022-02-01 22:09:53,Northern Owens Valley,Bishop Creek Around Plant 6,3.2
2022-02-01 22:09:54,Southern Owens Valley,LAA at Alabama Level,5.7
2022-02-01 22:09:54,Southern Owens Valley,LAA at Alabama Water Temp,40.2
2022-02-01 22:09:54,Southern Owens Valley,LAA at Cottonwood Level,7.6
2022-02-01 22:09:54,Southern Owens Valley,LAA at Cotton. Water Temp,40.0
2022-02-01 22:09:54,Southern Owens Valley,N. Haiwee Elevation,3756.8
2022-02-01 22:09:54,Southern Owens Valley,S. Haiwee Reservoir Elevation,3732.8
2022-02-01 22:09:54,Southern District,S. Haiwee Reservoir Elevation,3732.8
2022-02-01 22:09:54,Southern District,Fairmont Reservoir Elevation,3024.1
2022-02-01 22:09:54,Southern District,LAA #1 Flow at Fairmont Reservoir,0.5
2022-02-01 22:09:54,Southern District,LAA #2 Flow at Fairmont Res.,159.0
2022-02-01 22:09:54,Southern District,Bouquet Reservoir Elevation,2986.8
2022-02-01 22:09:54,Southern District,Bouquet Reservoir Inflow,0.3
2022-02-01 22:09:54,Southern District,Bouquet Reservoir Outflow,2.2
2022-02-01 22:09:54,Southern District,LAA #1 at Soledad Flow,165.0
2022-02-01 22:09:54,Southern District,LAA #2 at Soledad Flow,0.0
2022-02-01 22:09:54,Mono Basin,Mono Lk. Elevation,6379.5
2022-02-01 22:09:54,Mono Basin,Grant Lk. Elevation,7092.5
2022-02-01 22:09:54,Long Valley,Long Valley Elevation,6765.9
2022-02-01 22:09:54,Northern Owens Valley,Pleasant Valley Elevation,4384.2
2022-02-01 22:24:53,Lower Owens River Project,LORP Intake Flow,41.0
2022-02-01 22:24:53,Lower Owens River Project,LORP at Mazourka Canyon Road,39.0
2022-02-01 22:24:53,Lower Owens River Project,LORP at Reinhackle Springs,41.0
2022-02-01 22:24:53,Lower Owens River Project,LORP Above Pumpstation,41.0
2022-02-01 22:24:53,Lower Owens River Project,LORP At Pump Station Discharge Flow,35.0
2022-02-01 22:24:53,Southern Owens Valley,Tinemaha Reservoir Outflow,180.2
2022-02-01 22:24:53,Southern Owens Valley,Indep. Ck. At Junction Flow,1.6
2022-02-01 22:24:53,Southern Owens Valley,LAA at Alabama Flow,179.0
2022-02-01 22:24:53,Southern Owens Valley,Cottonwood Ck. At LAA Flow,0.0
2022-02-01 22:24:53,Southern Owens Valley,LAA at Cottonwood Flow,220.0
2022-02-01 22:24:53,Southern Owens Valley,Haiwee LAA #1 Current Flow,0.0
2022-02-01 22:24:53,Southern Owens Valley,Haiwee LAA #2 Current Flow,137.9
2022-02-01 22:24:53,Southern Owens Valley,Reinhackel Flow,1.5
2022-02-01 22:24:53,Southern Owens Valley,Lubkin Spillgate Outflow,21.4
2022-02-01 22:24:53,Southern Owens Valley,Cartago Spillgate Outflow,28.6
2022-02-01 22:24:53,Southern District,Haiwee LAA #2 Current Flow,137.9
2022-02-01 22:24:53,Southern District,Haiwee LAA #1 Current Flow,0.0
2022-02-01 22:24:53,Mono Basin,Walker Ck. Under Conduit Flow,3.0
2022-02-01 22:24:53,Mono Basin,Parker Ck. Under Conduit Flow,3.0
2022-02-01 22:24:53,Long Valley,Hot Ck.at Hwy. Flow,0.0
2022-02-01 22:24:53,Long Valley,McGee Ck. Lower Sta. Flow,6.9
2022-02-01 22:24:53,Long Valley,Long Valley Current Outflow,0.0
2022-02-01 22:24:53,Long Valley,Rock Ck. Div. Flow,0.1
2022-02-01 22:24:53,Long Valley,Upper Gorge Total Release,54.7
2022-02-01 22:24:53,Long Valley,Release at Middle Gorge,0.0
2022-02-01 22:24:53,Northern Owens Valley,Rock Ck. At Owens River (PV) Flow,41.3
2022-02-01 22:24:53,Northern Owens Valley,Pleasant Valley Outflow,95.6
2022-02-01 22:24:53,Northern Owens Valley,Baker Ck. At LA Station Flow,4.5
2022-02-01 22:24:53,Northern Owens Valley,Big Pine Ck. USGS Flow,7.7
2022-02-01 22:24:53,Northern Owens Valley,O.R. Below Big Pine,158.4
2022-02-01 22:24:53,Northern Owens Valley,Fish Springs At RR Flow,45.4
2022-02-01 22:24:53,Northern Owens Valley,Tinemaha Reservoir Outflow,180.2
2022-02-01 22:24:53,Northern Owens Valley,Bishop Creek Through Plant 6,40.2
2022-02-01 22:24:53,Northern Owens Valley,Bishop Creek Around Plant 6,3.2
2022-02-01 22:24:54,Southern Owens Valley,Tinemaha Elevation,3860.8
2022-02-01 22:24:54,Southern Owens Valley,LAA at Alabama Level,5.7
2022-02-01 22:24:54,Southern Owens Valley,LAA at Alabama Water Temp,40.2
2022-02-01 22:24:54,Southern Owens Valley,LAA at Cottonwood Level,7.6
2022-02-01 22:24:54,Southern Owens Valley,LAA at Cotton. Water Temp,40.0
2022-02-01 22:24:54,Southern Owens Valley,N. Haiwee Elevation,3756.8
2022-02-01 22:24:54,Southern Owens Valley,S. Haiwee Reservoir Elevation,3732.8
2022-02-01 22:24:54,Southern District,S. Haiwee Reservoir Elevation,3732.8
2022-02-01 22:24:54,Southern District,Fairmont Reservoir Elevation,3024.1
2022-02-01 22:24:54,Southern District,LAA #1 Flow at Fairmont Reservoir,0.5
2022-02-01 22:24:54,Southern District,LAA #2 Flow at Fairmont Res.,159.0
2022-02-01 22:24:54,Southern District,Bouquet Reservoir Elevation,2986.8
2022-02-01 22:24:54,Southern District,Bouquet Reservoir Inflow,0.3
2022-02-01 22:24:54,Southern District,Bouquet Reservoir Outflow,0.7
2022-02-01 22:24:54,Southern District,LAA #1 at Soledad Flow,165.0
2022-02-01 22:24:54,Southern District,LAA #2 at Soledad Flow,0.0
2022-02-01 22:24:54,Mono Basin,Lee Vining Intake Above Flow,65.5
2022-02-01 22:24:54,Mono Basin,Lee Vining Intake Below Flow,20.1
2022-02-01 22:24:54,Mono Basin,Mono Lk. Elevation,6379.5
2022-02-01 22:24:54,Mono Basin,Walker Ck. Above Conduit Flow,2.0
2022-02-01 22:24:54,Mono Basin,L.V. Conduit Below Intake Flow,20.9
2022-02-01 22:24:54,Mono Basin,Parker Ck. Above Conduit Flow,4.0
2022-02-01 22:24:54,Mono Basin,Grant Lk. Spill Flow,0.0
2022-02-01 22:24:54,Mono Basin,Mono Gate 1 Return Ditch Flow,27.3
2022-02-01 22:24:54,Mono Basin,Grant Lk. Elevation,7092.5
2022-02-01 22:24:54,Mono Basin,Grant Lk. Outflow,76.7
2022-02-01 22:24:54,Mono Basin,Rush Ck. at Damsite Flow,36.0
2022-02-01 22:24:54,Mono Basin,Flow to West Portal,40.7
2022-02-01 22:24:54,Long Valley,East Portal Flow,54.0
2022-02-01 22:24:54,Long Valley,OR Below EP Flow,98.0
2022-02-01 22:24:54,Long Valley,Long Valley Elevation,6765.9
2022-02-01 22:24:54,Northern Owens Valley,Pleasant Valley Elevation,4384.2
2022-02-01 22:24:54,Northern Owens Valley,Tinemaha Elevation,3860.8
2022-02-01 22:39:53,Lower Owens River Project,LORP Intake Flow,41.0
2022-02-01 22:39:53,Lower Owens River Project,LORP at Mazourka Canyon Road,39.0
2022-02-01 22:39:53,Lower Owens River Project,LORP at Reinhackle Springs,41.0
2022-02-01 22:39:53,Lower Owens River Project,LORP Above Pumpstation,54.0
2022-02-01 22:39:53,Lower Owens River Project,LORP At Pump Station Discharge Flow,48.0
2022-02-01 22:39:53,Southern Owens Valley,Tinemaha Reservoir Outflow,189.2
2022-02-01 22:39:53,Southern Owens Valley,Indep. Ck. At Junction Flow,1.6
2022-02-01 22:39:53,Southern Owens Valley,LAA at Alabama Flow,179.0
2022-02-01 22:39:53,Southern Owens Valley,Cottonwood Ck. At LAA Flow,0.0
2022-02-01 22:39:53,Southern Owens Valley,LAA at Cottonwood Flow,220.0
2022-02-01 22:39:53,Southern Owens Valley,Haiwee LAA #1 Current Flow,0.0
2022-02-01 22:39:53,Southern Owens Valley,Haiwee LAA #2 Current Flow,137.9
2022-02-01 22:39:53,Southern Owens Valley,Reinhackel Flow,1.5
2022-02-01 22:39:53,Southern Owens Valley,Lubkin Spillgate Outflow,5.6
2022-02-01 22:39:53,Southern Owens Valley,Cartago Spillgate Outflow,29.9
2022-02-01 22:39:53,Southern District,Haiwee LAA #2 Current Flow,137.9
2022-02-01 22:39:53,Southern District,Haiwee LAA #1 Current Flow,0.0
2022-02-01 22:39:53,Southern District,LAA #1 Flow at Fairmont Reservoir,0.5
2022-02-01 22:39:53,Southern District,LAA #2 Flow at Fairmont Res.,159.0
2022-02-01 22:39:53,Southern District,Bouquet Reservoir Inflow,0.3
2022-02-01 22:39:53,Southern District,Bouquet Reservoir Outflow,0.7
2022-02-01 22:39:53,Southern District,LAA #1 at Soledad Flow,165.0
2022-02-01 22:39:53,Southern District,LAA #2 at Soledad Flow,0.0
2022-02-01 22:39:53,Mono Basin,Lee Vining Intake Above Flow,65.5
2022-02-01 22:39:53,Mono Basin,Lee Vining Intake Below Flow,20.1
2022-02-01 22:39:53,Mono Basin,Walker Ck. Above Conduit Flow,2.0
2022-02-01 22:39:53,Mono Basin,L.V. Conduit Below Intake Flow,20.9
2022-02-01 22:39:53,Mono Basin,Walker Ck. Under Conduit Flow,3.0
2022-02-01 22:39:53,Mono Basin,Parker Ck. Under Conduit Flow,3.0
2022-02-01 22:39:53,Mono Basin,Parker Ck. Above Conduit Flow,4.0
2022-02-01 22:39:53,Mono Basin,Grant Lk. Spill Flow,0.0
2022-02-01 22:39:53,Mono Basin,Mono Gate 1 Return Ditch Flow,27.2
2022-02-01 22:39:53,Mono Basin,Grant Lk. Outflow,76.3
2022-02-01 22:39:53,Mono Basin,Rush Ck. at Damsite Flow,36.0
2022-02-01 22:39:53,Mono Basin,Flow to West Portal,40.7
2022-02-01 22:39:53,Long Valley,East Portal Flow,54.0
2022-02-01 22:39:53,Long Valley,OR Below EP Flow,98.0
2022-02-01 22:39:53,Long Valley,Hot Ck.at Hwy. Flow,0.0
2022-02-01 22:39:53,Long Valley,McGee Ck. Lower Sta. Flow,6.9
2022-02-01 22:39:53,Long Valley,Long Valley Current Outflow,0.0
2022-02-01 22:39:53,Long Valley,Rock Ck. Div. Flow,0.1
2022-02-01 22:39:53,Long Valley,Upper Gorge Total Release,54.7
2022-02-01 22:39:53,Long Valley,Release at Middle Gorge,0.0
2022-02-01 22:39:53,Northern Owens Valley,Rock Ck. At Owens River (PV) Flow,41.3
2022-02-01 22:39:53,Northern Owens Valley,Pleasant Valley Outflow,95.6
2022-02-01 22:39:53,Northern Owens Valley,Baker Ck. At LA Station Flow,4.5
2022-02-01 22:39:53,Northern Owens Valley,Big Pine Ck. USGS Flow,7.7
2022-02-01 22:39:53,Northern Owens Valley,O.R. Below Big Pine,158.0
2022-02-01 22:39:53,Northern Owens Valley,Fish Springs At RR Flow,45.4
2022-02-01 22:39:53,Northern Owens Valley,Tinemaha Reservoir Outflow,189.2
2022-02-01 22:39:53,Northern Owens Valley,Bishop Creek Through Plant 6,40.2
2022-02-01 22:39:53,Northern Owens Valley,Bishop Creek Around Plant 6,3.2
2022-02-01 22:39:54,Southern Owens Valley,LAA at Alabama Level,5.7
2022-02-01 22:39:54,Southern Owens Valley,LAA at Alabama Water Temp,40.2
2022-02-01 22:39:54,Southern Owens Valley,LAA at Cottonwood Level,7.6
2022-02-01 22:39:54,Southern Owens Valley,LAA at Cotton. Water Temp,40.0
2022-02-01 22:39:54,Southern Owens Valley,N. Haiwee Elevation,3756.8
2022-02-01 22:39:54,Southern Owens Valley,S. Haiwee Reservoir Elevation,3732.8
2022-02-01 22:39:54,Southern District,S. Haiwee Reservoir Elevation,3732.8
2022-02-01 22:39:54,Southern District,Fairmont Reservoir Elevation,3024.1
2022-02-01 22:39:54,Southern District,Bouquet Reservoir Elevation,2986.8
2022-02-01 22:39:54,Mono Basin,Mono Lk. Elevation,6379.5
2022-02-01 22:39:54,Mono Basin,Grant Lk. Elevation,7092.5
2022-02-01 22:39:54,Long Valley,Long Valley Elevation,6765.9
2022-02-01 22:39:54,Northern Owens Valley,Pleasant Valley Elevation,4384.2
2022-02-01 22:54:53,Lower Owens River Project,LORP Intake Flow,41.0
2022-02-01 22:54:53,Lower Owens River Project,LORP at Mazourka Canyon Road,39.0
2022-02-01 22:54:53,Lower Owens River Project,LORP at Reinhackle Springs,41.0
2022-02-01 22:54:53,Lower Owens River Project,LORP Above Pumpstation,54.0
2022-02-01 22:54:53,Lower Owens River Project,LORP At Pump Station Discharge Flow,48.0
2022-02-01 22:54:53,Southern Owens Valley,Tinemaha Reservoir Outflow,191.2
2022-02-01 22:54:53,Southern Owens Valley,Indep. Ck. At Junction Flow,1.6
2022-02-01 22:54:53,Southern Owens Valley,LAA at Alabama Flow,179.0
2022-02-01 22:54:53,Southern Owens Valley,Cottonwood Ck. At LAA Flow,0.0
2022-02-01 22:54:53,Southern Owens Valley,LAA at Cottonwood Flow,221.0
2022-02-01 22:54:53,Southern Owens Valley,Haiwee LAA #1 Current Flow,0.0
2022-02-01 22:54:53,Southern Owens Valley,Haiwee LAA #2 Current Flow,137.9
2022-02-01 22:54:53,Southern Owens Valley,Reinhackel Flow,1.5
2022-02-01 22:54:53,Southern Owens Valley,Lubkin Spillgate Outflow,0.0
2022-02-01 22:54:53,Southern Owens Valley,Cartago Spillgate Outflow,18.4
2022-02-01 22:54:53,Southern District,Haiwee LAA #2 Current Flow,137.9
2022-02-01 22:54:53,Southern District,Haiwee LAA #1 Current Flow,0.0
2022-02-01 22:54:53,Southern District,LAA #1 Flow at Fairmont Reservoir,0.5
2022-02-01 22:54:53,Southern District,LAA #2 Flow at Fairmont Res.,159.0
2022-02-01 22:54:53,Southern District,Bouquet Reservoir Inflow,0.3
2022-02-01 22:54:53,Southern District,Bouquet Reservoir Outflow,0.7
2022-02-01 22:54:53,Southern District,LAA #1 at Soledad Flow,165.0
2022-02-01 22:54:53,Southern District,LAA #2 at Soledad Flow,0.0
2022-02-01 22:54:53,Mono Basin,Lee Vining Intake Above Flow,65.5
2022-02-01 22:54:53,Mono Basin,Lee Vining Intake Below Flow,20.1
2022-02-01 22:54:53,Mono Basin,Walker Ck. Above Conduit Flow,2.0
2022-02-01 22:54:53,Mono Basin,L.V. Conduit Below Intake Flow,20.9
2022-02-01 22:54:53,Mono Basin,Walker Ck. Under Conduit Flow,3.0
2022-02-01 22:54:53,Mono Basin,Parker Ck. Under Conduit Flow,3.0
2022-02-01 22:54:53,Mono Basin,Parker Ck. Above Conduit Flow,4.0
2022-02-01 22:54:53,Mono Basin,Grant Lk. Spill Flow,0.0
2022-02-01 22:54:53,Mono Basin,Mono Gate 1 Return Ditch Flow,27.3
2022-02-01 22:54:53,Mono Basin,Grant Lk. Outflow,76.9
2022-02-01 22:54:53,Mono Basin,Rush Ck. at Damsite Flow,36.0
2022-02-01 22:54:53,Mono Basin,Flow to West Portal,40.7
2022-02-01 22:54:53,Long Valley,East Portal Flow,54.0
2022-02-01 22:54:53,Long Valley,OR Below EP Flow,98.0
2022-02-01 22:54:53,Long Valley,Hot Ck.at Hwy. Flow,0.0
2022-02-01 22:54:53,Long Valley,McGee Ck. Lower Sta. Flow,6.9
2022-02-01 22:54:53,Long Valley,Long Valley Current Outflow,0.0
2022-02-01 22:54:53,Long Valley,Rock Ck. Div. Flow,0.1
2022-02-01 22:54:53,Long Valley,Upper Gorge Total Release,54.8
2022-02-01 22:54:53,Long Valley,Release at Middle Gorge,0.0
2022-02-01 22:54:53,Northern Owens Valley,Rock Ck. At Owens River (PV) Flow,41.3
2022-02-01 22:54:53,Northern Owens Valley,Pleasant Valley Outflow,95.5
2022-02-01 22:54:53,Northern Owens Valley,Baker Ck. At LA Station Flow,4.5
2022-02-01 22:54:53,Northern Owens Valley,Big Pine Ck. USGS Flow,7.7
2022-02-01 22:54:53,Northern Owens Valley,O.R. Below Big Pine,158.1
2022-02-01 22:54:53,Northern Owens Valley,Fish Springs At RR Flow,45.4
2022-02-01 22:54:53,Northern Owens Valley,Tinemaha Reservoir Outflow,191.2
2022-02-01 22:54:53,Northern Owens Valley,Bishop Creek Through Plant 6,40.2
2022-02-01 22:54:53,Northern Owens Valley,Bishop Creek Around Plant 6,3.2
2022-02-01 22:54:54,Southern Owens Valley,Tinemaha Elevation,3860.8
2022-02-01 22:54:54,Southern Owens Valley,LAA at Alabama Level,5.6
2022-02-01 22:54:54,Southern Owens Valley,LAA at Alabama Water Temp,39.9
2022-02-01 22:54:54,Southern Owens Valley,LAA at Cottonwood Level,7.6
2022-02-01 22:54:54,Southern Owens Valley,LAA at Cotton. Water Temp,39.8
2022-02-01 22:54:54,Southern Owens Valley,N. Haiwee Elevation,3756.8
2022-02-01 22:54:54,Southern Owens Valley,S. Haiwee Reservoir Elevation,3732.8
2022-02-01 22:54:54,Southern District,S. Haiwee Reservoir Elevation,3732.8
2022-02-01 22:54:54,Southern District,Fairmont Reservoir Elevation,3024.1
2022-02-01 22:54:54,Southern District,Bouquet Reservoir Elevation,2986.8
2022-02-01 22:54:54,Mono Basin,Mono Lk. Elevation,6379.5
2022-02-01 22:54:54,Mono Basin,Grant Lk. Elevation,7092.5
2022-02-01 22:54:54,Long Valley,Long Valley Elevation,6765.9
2022-02-01 22:54:54,Northern Owens Valley,Pleasant Valley Elevation,4384.2
2022-02-01 22:54:54,Northern Owens Valley,Tinemaha Elevation,3860.8
2022-02-01 23:09:55,Lower Owens River Project,LORP Intake Flow,41.0
2022-02-01 23:09:55,Lower Owens River Project,LORP at Mazourka Canyon Road,38.0
2022-02-01 23:09:55,Lower Owens River Project,LORP at Reinhackle Springs,41.0
2022-02-01 23:09:55,Lower Owens River Project,LORP Above Pumpstation,53.0
2022-02-01 23:09:55,Lower Owens River Project,LORP At Pump Station Discharge Flow,47.0
2022-02-01 23:09:55,Southern Owens Valley,Tinemaha Reservoir Outflow,176.3
2022-02-01 23:09:55,Southern Owens Valley,Indep. Ck. At Junction Flow,1.6
2022-02-01 23:09:55,Southern Owens Valley,LAA at Alabama Flow,179.0
2022-02-01 23:09:55,Southern Owens Valley,Cottonwood Ck. At LAA Flow,0.0
2022-02-01 23:09:55,Southern Owens Valley,LAA at Cottonwood Flow,221.0
2022-02-01 23:09:55,Southern Owens Valley,Haiwee LAA #1 Current Flow,0.0
2022-02-01 23:09:55,Southern Owens Valley,Haiwee LAA #2 Current Flow,137.9
2022-02-01 23:09:55,Southern Owens Valley,Reinhackel Flow,1.5
2022-02-01 23:09:55,Southern Owens Valley,Lubkin Spillgate Outflow,0.0
2022-02-01 23:09:55,Southern Owens Valley,Cartago Spillgate Outflow,24.3
2022-02-01 23:09:55,Southern District,Haiwee LAA #2 Current Flow,137.9
2022-02-01 23:09:55,Southern District,Haiwee LAA #1 Current Flow,0.0
2022-02-01 23:09:55,Southern District,LAA #1 Flow at Fairmont Reservoir,0.5
2022-02-01 23:09:55,Southern District,LAA #2 Flow at Fairmont Res.,159.0
2022-02-01 23:09:55,Southern District,Bouquet Reservoir Inflow,0.3
2022-02-01 23:09:55,Southern District,Bouquet Reservoir Outflow,8.6
2022-02-01 23:09:55,Southern District,LAA #1 at Soledad Flow,165.0
2022-02-01 23:09:55,Southern District,LAA #2 at Soledad Flow,0.0
2022-02-01 23:09:55,Mono Basin,Lee Vining Intake Above Flow,65.5
2022-02-01 23:09:55,Mono Basin,Lee Vining Intake Below Flow,20.1
2022-02-01 23:09:55,Mono Basin,Walker Ck. Above Conduit Flow,2.0
2022-02-01 23:09:55,Mono Basin,L.V. Conduit Below Intake Flow,20.9
2022-02-01 23:09:55,Mono Basin,Walker Ck. Under Conduit Flow,3.0
2022-02-01 23:09:55,Mono Basin,Parker Ck. Under Conduit Flow,3.0
2022-02-01 23:09:55,Mono Basin,Parker Ck. Above Conduit Flow,4.0
2022-02-01 23:09:55,Mono Basin,Grant Lk. Spill Flow,0.0
2022-02-01 23:09:55,Mono Basin,Mono Gate 1 Return Ditch Flow,27.3
2022-02-01 23:09:55,Mono Basin,Grant Lk. Outflow,76.5
2022-02-01 23:09:55,Mono Basin,Rush Ck. at Damsite Flow,36.0
2022-02-01 23:09:55,Mono Basin,Flow to West Portal,40.7
2022-02-01 23:09:55,Long Valley,East Portal Flow,54.0
2022-02-01 23:09:55,Long Valley,OR Below EP Flow,98.0
2022-02-01 23:09:55,Long Valley,Hot Ck.at Hwy. Flow,0.0
2022-02-01 23:09:55,Long Valley,McGee Ck. Lower Sta. Flow,6.9
2022-02-01 23:09:55,Long Valley,Long Valley Current Outflow,0.0
2022-02-01 23:09:55,Long Valley,Rock Ck. Div. Flow,0.1
2022-02-01 23:09:55,Long Valley,Upper Gorge Total Release,54.8
2022-02-01 23:09:55,Long Valley,Release at Middle Gorge,0.0
2022-02-01 23:09:55,Northern Owens Valley,Rock Ck. At Owens River (PV) Flow,41.3
2022-02-01 23:09:55,Northern Owens Valley,Pleasant Valley Outflow,95.5
2022-02-01 23:09:55,Northern Owens Valley,Baker Ck. At LA Station Flow,4.5
2022-02-01 23:09:55,Northern Owens Valley,Big Pine Ck. USGS Flow,7.7
2022-02-01 23:09:55,Northern Owens Valley,O.R. Below Big Pine,157.9
2022-02-01 23:09:55,Northern Owens Valley,Fish Springs At RR Flow,45.4
2022-02-01 23:09:55,Northern Owens Valley,Tinemaha Reservoir Outflow,176.3
2022-02-01 23:09:55,Northern Owens Valley,Bishop Creek Through Plant 6,40.2
2022-02-01 23:09:55,Northern Owens Valley,Bishop Creek Around Plant 6,3.2
2022-02-01 23:09:56,Southern Owens Valley,LAA at Alabama Level,5.6
2022-02-01 23:09:56,Southern Owens Valley,LAA at Alabama Water Temp,39.9
2022-02-01 23:09:56,Southern Owens Valley,LAA at Cottonwood Level,7.6
2022-02-01 23:09:56,Southern Owens Valley,LAA at Cotton. Water Temp,39.8
2022-02-01 23:09:56,Southern Owens Valley,N. Haiwee Elevation,3756.8
2022-02-01 23:09:56,Southern Owens Valley,S. Haiwee Reservoir Elevation,3732.8
2022-02-01 23:09:56,Southern District,S. Haiwee Reservoir Elevation,3732.8
2022-02-01 23:09:56,Southern District,Fairmont Reservoir Elevation,3024.1
2022-02-01 23:09:56,Southern District,Bouquet Reservoir Elevation,2986.8
2022-02-01 23:09:56,Mono Basin,Mono Lk. Elevation,6379.5
2022-02-01 23:09:56,Mono Basin,Grant Lk. Elevation,7092.5
2022-02-01 23:09:56,Long Valley,Long Valley Elevation,6765.9
2022-02-01 23:09:56,Northern Owens Valley,Pleasant Valley Elevation,4384.2
2022-02-01 23:24:56,Lower Owens River Project,LORP Intake Flow,41.0
2022-02-01 23:24:56,Lower Owens River Project,LORP at Mazourka Canyon Road,38.0
2022-02-01 23:24:56,Lower Owens River Project,LORP at Reinhackle Springs,41.0
2022-02-01 23:24:56,Lower Owens River Project,LORP Above Pumpstation,53.0
2022-02-01 23:24:56,Lower Owens River Project,LORP At Pump Station Discharge Flow,47.0
2022-02-01 23:24:56,Southern Owens Valley,Tinemaha Elevation,3860.8
2022-02-01 23:24:56,Southern Owens Valley,Tinemaha Reservoir Outflow,179.3
2022-02-01 23:24:56,Southern Owens Valley,Indep. Ck. At Junction Flow,1.6
2022-02-01 23:24:56,Southern Owens Valley,LAA at Alabama Flow,179.0
2022-02-01 23:24:56,Southern Owens Valley,LAA at Alabama Level,5.6
2022-02-01 23:24:56,Southern Owens Valley,LAA at Alabama Water Temp,39.9
2022-02-01 23:24:56,Southern Owens Valley,Cottonwood Ck. At LAA Flow,0.0
2022-02-01 23:24:56,Southern Owens Valley,LAA at Cottonwood Flow,220.0
2022-02-01 23:24:56,Southern Owens Valley,LAA at Cottonwood Level,7.6
2022-02-01 23:24:56,Southern Owens Valley,LAA at Cotton. Water Temp,39.7
2022-02-01 23:24:56,Southern Owens Valley,N. Haiwee Elevation,3756.8
2022-02-01 23:24:56,Southern Owens Valley,S. Haiwee Reservoir Elevation,3732.8
2022-02-01 23:24:56,Southern Owens Valley,Haiwee LAA #1 Current Flow,0.0
2022-02-01 23:24:56,Southern Owens Valley,Haiwee LAA #2 Current Flow,137.9
2022-02-01 23:24:56,Southern Owens Valley,Reinhackel Flow,1.5
2022-02-01 23:24:56,Southern Owens Valley,Lubkin Spillgate Outflow,0.0
2022-02-01 23:24:56,Southern Owens Valley,Cartago Spillgate Outflow,24.3
2022-02-01 23:24:56,Southern District,Haiwee LAA #2 Current Flow,137.9
2022-02-01 23:24:56,Southern District,S. Haiwee Reservoir Elevation,3732.8
2022-02-01 23:24:56,Southern District,Haiwee LAA #1 Current Flow,0.0
2022-02-01 23:24:56,Southern District,Fairmont Reservoir Elevation,3024.1
2022-02-01 23:24:56,Southern District,LAA #1 Flow at Fairmont Reservoir,0.5
2022-02-01 23:24:56,Southern District,LAA #2 Flow at Fairmont Res.,159.0
2022-02-01 23:24:56,Southern District,Bouquet Reservoir Elevation,2986.8
2022-02-01 23:24:56,Southern District,Bouquet Reservoir Inflow,0.3
2022-02-01 23:24:56,Southern District,Bouquet Reservoir Outflow,2.6
2022-02-01 23:24:56,Southern District,LAA #1 at Soledad Flow,165.0
2022-02-01 23:24:56,Southern District,LAA #2 at Soledad Flow,0.0
2022-02-01 23:24:56,Mono Basin,Lee Vining Intake Above Flow,34.2
2022-02-01 23:24:56,Mono Basin,Lee Vining Intake Below Flow,16.2
2022-02-01 23:24:56,Mono Basin,Mono Lk. Elevation,6379.5
2022-02-01 23:24:56,Mono Basin,Walker Ck. Above Conduit Flow,2.0
2022-02-01 23:24:56,Mono Basin,L.V. Conduit Below Intake Flow,24.3
2022-02-01 23:24:56,Mono Basin,Walker Ck. Under Conduit Flow,3.0
2022-02-01 23:24:56,Mono Basin,Parker Ck. Under Conduit Flow,3.0
2022-02-01 23:24:56,Mono Basin,Parker Ck. Above Conduit Flow,4.0
2022-02-01 23:24:56,Mono Basin,Grant Lk. Spill Flow,0.0
2022-02-01 23:24:56,Mono Basin,Mono Gate 1 Return Ditch Flow,27.3
2022-02-01 23:24:56,Mono Basin,Grant Lk. Elevation,7092.5
2022-02-01 23:24:56,Mono Basin,Grant Lk. Outflow,77.2
2022-02-01 23:24:56,Mono Basin,Rush Ck. at Damsite Flow,44.0
2022-02-01 23:24:56,Mono Basin,Flow to West Portal,40.7
2022-02-01 23:24:56,Long Valley,East Portal Flow,54.0
2022-02-01 23:24:56,Long Valley,OR Below EP Flow,98.0
2022-02-01 23:24:56,Long Valley,Hot Ck.at Hwy. Flow,0.0
2022-02-01 23:24:56,Long Valley,McGee Ck. Lower Sta. Flow,6.9
2022-02-01 23:24:56,Long Valley,Long Valley Elevation,6765.9
2022-02-01 23:24:56,Long Valley,Long Valley Current Outflow,0.0
2022-02-01 23:24:56,Long Valley,Rock Ck. Div. Flow,0.1
2022-02-01 23:24:56,Long Valley,Upper Gorge Total Release,54.8
2022-02-01 23:24:56,Long Valley,Release at Middle Gorge,0.0
2022-02-01 23:24:56,Northern Owens Valley,Rock Ck. At Owens River (PV) Flow,41.3
2022-02-01 23:24:56,Northern Owens Valley,Pleasant Valley Elevation,4384.2
2022-02-01 23:24:56,Northern Owens Valley,Pleasant Valley Outflow,95.5
2022-02-01 23:24:56,Northern Owens Valley,Baker Ck. At LA Station Flow,4.5
2022-02-01 23:24:56,Northern Owens Valley,Big Pine Ck. USGS Flow,7.7
2022-02-01 23:24:56,Northern Owens Valley,O.R. Below Big Pine,158.3
2022-02-01 23:24:56,Northern Owens Valley,Fish Springs At RR Flow,45.4
2022-02-01 23:24:56,Northern Owens Valley,Tinemaha Elevation,3860.8
2022-02-01 23:24:56,Northern Owens Valley,Tinemaha Reservoir Outflow,179.3
2022-02-01 23:24:56,Northern Owens Valley,Bishop Creek Through Plant 6,40.2
2022-02-01 23:24:56,Northern Owens Valley,Bishop Creek Around Plant 6,3.2
2022-02-01 23:39:56,Lower Owens River Project,LORP Intake Flow,41.0
2022-02-01 23:39:56,Lower Owens River Project,LORP at Mazourka Canyon Road,38.0
2022-02-01 23:39:56,Lower Owens River Project,LORP at Reinhackle Springs,41.0
2022-02-01 23:39:56,Lower Owens River Project,LORP Above Pumpstation,54.0
2022-02-01 23:39:56,Lower Owens River Project,LORP At Pump Station Discharge Flow,48.0
2022-02-01 23:39:56,Southern Owens Valley,Tinemaha Reservoir Outflow,181.3
2022-02-01 23:39:56,Southern Owens Valley,Indep. Ck. At Junction Flow,1.6
2022-02-01 23:39:56,Southern Owens Valley,LAA at Alabama Flow,179.0
2022-02-01 23:39:56,Southern Owens Valley,Cottonwood Ck. At LAA Flow,0.0
2022-02-01 23:39:56,Southern Owens Valley,LAA at Cottonwood Flow,219.0
2022-02-01 23:39:56,Southern Owens Valley,Haiwee LAA #1 Current Flow,0.0
2022-02-01 23:39:56,Southern Owens Valley,Haiwee LAA #2 Current Flow,137.9
2022-02-01 23:39:56,Southern Owens Valley,Reinhackel Flow,1.5
2022-02-01 23:39:56,Southern Owens Valley,Lubkin Spillgate Outflow,0.9
2022-02-01 23:39:56,Southern Owens Valley,Cartago Spillgate Outflow,24.1
2022-02-01 23:39:56,Southern District,Haiwee LAA #2 Current Flow,137.9
2022-02-01 23:39:56,Southern District,Haiwee LAA #1 Current Flow,0.0
2022-02-01 23:39:56,Southern District,LAA #1 Flow at Fairmont Reservoir,0.5
2022-02-01 23:39:56,Southern District,LAA #2 Flow at Fairmont Res.,159.0
2022-02-01 23:39:56,Southern District,Bouquet Reservoir Inflow,0.3
2022-02-01 23:39:56,Southern District,Bouquet Reservoir Outflow,16.1
2022-02-01 23:39:56,Southern District,LAA #1 at Soledad Flow,165.0
2022-02-01 23:39:56,Southern District,LAA #2 at Soledad Flow,0.0
2022-02-01 23:39:56,Mono Basin,Lee Vining Intake Above Flow,34.2
2022-02-01 23:39:56,Mono Basin,Lee Vining Intake Below Flow,16.2
2022-02-01 23:39:56,Mono Basin,Walker Ck. Above Conduit Flow,2.0
2022-02-01 23:39:56,Mono Basin,L.V. Conduit Below Intake Flow,24.3
2022-02-01 23:39:56,Mono Basin,Walker Ck. Under Conduit Flow,3.0
2022-02-01 23:39:56,Mono Basin,Parker Ck. Under Conduit Flow,3.0
2022-02-01 23:39:56,Mono Basin,Parker Ck. Above Conduit Flow,4.0
2022-02-01 23:39:56,Mono Basin,Grant Lk. Spill Flow,0.0
2022-02-01 23:39:56,Mono Basin,Mono Gate 1 Return Ditch Flow,27.2
2022-02-01 23:39:56,Mono Basin,Grant Lk. Outflow,77.0
2022-02-01 23:39:56,Mono Basin,Rush Ck. at Damsite Flow,44.0
2022-02-01 23:39:56,Mono Basin,Flow to West Portal,40.7
2022-02-01 23:39:56,Long Valley,East Portal Flow,54.0
2022-02-01 23:39:56,Long Valley,OR Below EP Flow,98.0
2022-02-01 23:39:56,Long Valley,Hot Ck.at Hwy. Flow,0.0
2022-02-01 23:39:56,Long Valley,McGee Ck. Lower Sta. Flow,6.9
2022-02-01 23:39:56,Long Valley,Long Valley Current Outflow,0.0
2022-02-01 23:39:56,Long Valley,Rock Ck. Div. Flow,0.1
2022-02-01 23:39:56,Long Valley,Upper Gorge Total Release,54.8
2022-02-01 23:39:56,Long Valley,Release at Middle Gorge,0.0
2022-02-01 23:39:56,Northern Owens Valley,Rock Ck. At Owens River (PV) Flow,41.3
2022-02-01 23:39:56,Northern Owens Valley,Pleasant Valley Outflow,95.5
2022-02-01 23:39:56,Northern Owens Valley,Baker Ck. At LA Station Flow,4.5
2022-02-01 23:39:56,Northern Owens Valley,Big Pine Ck. USGS Flow,7.7
2022-02-01 23:39:56,Northern Owens Valley,O.R. Below Big Pine,157.4
2022-02-01 23:39:56,Northern Owens Valley,Fish Springs At RR Flow,45.4
2022-02-01 23:39:56,Northern Owens Valley,Tinemaha Reservoir Outflow,181.3
2022-02-01 23:39:56,Northern Owens Valley,Bishop Creek Through Plant 6,34.7
2022-02-01 23:39:56,Northern Owens Valley,Bishop Creek Around Plant 6,3.2
2022-02-01 23:39:57,Southern Owens Valley,LAA at Alabama Level,5.6
2022-02-01 23:39:57,Southern Owens Valley,LAA at Alabama Water Temp,39.9
2022-02-01 23:39:57,Southern Owens Valley,LAA at Cottonwood Level,7.6
2022-02-01 23:39:57,Southern Owens Valley,LAA at Cotton. Water Temp,39.8
2022-02-01 23:39:57,Southern Owens Valley,N. Haiwee Elevation,3756.8
2022-02-01 23:39:57,Southern Owens Valley,S. Haiwee Reservoir Elevation,3732.8
2022-02-01 23:39:57,Southern District,S. Haiwee Reservoir Elevation,3732.8
2022-02-01 23:39:57,Southern District,Fairmont Reservoir Elevation,3024.1
2022-02-01 23:39:57,Southern District,Bouquet Reservoir Elevation,2986.8
2022-02-01 23:39:57,Mono Basin,Mono Lk. Elevation,6379.5
2022-02-01 23:39:57,Mono Basin,Grant Lk. Elevation,7092.5
2022-02-01 23:39:57,Long Valley,Long Valley Elevation,6765.9
2022-02-01 23:39:57,Northern Owens Valley,Pleasant Valley Elevation,4384.2
2022-02-01 23:54:56,Lower Owens River Project,LORP Intake Flow,41.0
2022-02-01 23:54:56,Lower Owens River Project,LORP at Mazourka Canyon Road,38.0
2022-02-01 23:54:56,Lower Owens River Project,LORP at Reinhackle Springs,41.0
2022-02-01 23:54:56,Lower Owens River Project,LORP Above Pumpstation,54.0
2022-02-01 23:54:56,Lower Owens River Project,LORP At Pump Station Discharge Flow,48.0
2022-02-01 23:54:56,Southern Owens Valley,Tinemaha Elevation,3860.8
2022-02-01 23:54:56,Southern Owens Valley,Tinemaha Reservoir Outflow,174.3
2022-02-01 23:54:56,Southern Owens Valley,Indep. Ck. At Junction Flow,1.6
2022-02-01 23:54:56,Southern Owens Valley,LAA at Alabama Flow,177.0
2022-02-01 23:54:56,Southern Owens Valley,LAA at Alabama Level,5.6
2022-02-01 23:54:56,Southern Owens Valley,LAA at Alabama Water Temp,39.4
2022-02-01 23:54:56,Southern Owens Valley,Cottonwood Ck. At LAA Flow,0.0
2022-02-01 23:54:56,Southern Owens Valley,LAA at Cottonwood Flow,220.0
2022-02-01 23:54:56,Southern Owens Valley,LAA at Cottonwood Level,7.6
2022-02-01 23:54:56,Southern Owens Valley,LAA at Cotton. Water Temp,39.7
2022-02-01 23:54:56,Southern Owens Valley,N. Haiwee Elevation,3756.8
2022-02-01 23:54:56,Southern Owens Valley,S. Haiwee Reservoir Elevation,3732.8
2022-02-01 23:54:56,Southern Owens Valley,Haiwee LAA #1 Current Flow,0.0
2022-02-01 23:54:56,Southern Owens Valley,Haiwee LAA #2 Current Flow,137.9
2022-02-01 23:54:56,Southern Owens Valley,Reinhackel Flow,1.5
2022-02-01 23:54:56,Southern Owens Valley,Lubkin Spillgate Outflow,0.9
2022-02-01 23:54:56,Southern Owens Valley,Cartago Spillgate Outflow,16.2
2022-02-01 23:54:56,Southern District,Haiwee LAA #2 Current Flow,137.9
2022-02-01 23:54:56,Southern District,S. Haiwee Reservoir Elevation,3732.8
2022-02-01 23:54:56,Southern District,Haiwee LAA #1 Current Flow,0.0
2022-02-01 23:54:56,Southern District,Fairmont Reservoir Elevation,3024.1
2022-02-01 23:54:56,Southern District,LAA #1 Flow at Fairmont Reservoir,0.5
2022-02-01 23:54:56,Southern District,LAA #2 Flow at Fairmont Res.,159.0
2022-02-01 23:54:56,Southern District,Bouquet Reservoir Elevation,2986.8
2022-02-01 23:54:56,Southern District,Bouquet Reservoir Inflow,0.3
2022-02-01 23:54:56,Southern District,Bouquet Reservoir Outflow,2.6
2022-02-01 23:54:56,Southern District,LAA #1 at Soledad Flow,165.0
2022-02-01 23:54:56,Southern District,LAA #2 at Soledad Flow,0.0
2022-02-01 23:54:56,Mono Basin,Lee Vining Intake Above Flow,25.0
2022-02-01 23:54:56,Mono Basin,Lee Vining Intake Below Flow,15.8
2022-02-01 23:54:56,Mono Basin,Mono Lk. Elevation,6379.5
2022-02-01 23:54:56,Mono Basin,Walker Ck. Above Conduit Flow,2.0
2022-02-01 23:54:56,Mono Basin,L.V. Conduit Below Intake Flow,18.1
2022-02-01 23:54:56,Mono Basin,Walker Ck. Under Conduit Flow,3.0
2022-02-01 23:54:56,Mono Basin,Parker Ck. Under Conduit Flow,3.0
2022-02-01 23:54:56,Mono Basin,Parker Ck. Above Conduit Flow,4.0
2022-02-01 23:54:56,Mono Basin,Grant Lk. Spill Flow,0.0
2022-02-01 23:54:56,Mono Basin,Mono Gate 1 Return Ditch Flow,27.2
2022-02-01 23:54:56,Mono Basin,Grant Lk. Elevation,7092.4
2022-02-01 23:54:56,Mono Basin,Grant Lk. Outflow,77.3
2022-02-01 23:54:56,Mono Basin,Rush Ck. at Damsite Flow,44.0
2022-02-01 23:54:56,Mono Basin,Flow to West Portal,40.7
2022-02-01 23:54:56,Long Valley,East Portal Flow,54.0
2022-02-01 23:54:56,Long Valley,OR Below EP Flow,98.0
2022-02-01 23:54:56,Long Valley,Hot Ck.at Hwy. Flow,0.0
2022-02-01 23:54:56,Long Valley,McGee Ck. Lower Sta. Flow,6.9
2022-02-01 23:54:56,Long Valley,Long Valley Elevation,6765.9
2022-02-01 23:54:56,Long Valley,Long Valley Current Outflow,0.0
2022-02-01 23:54:56,Long Valley,Rock Ck. Div. Flow,0.1
2022-02-01 23:54:56,Long Valley,Upper Gorge Total Release,54.9
2022-02-01 23:54:56,Long Valley,Release at Middle Gorge,0.0
2022-02-01 23:54:56,Northern Owens Valley,Rock Ck. At Owens River (PV) Flow,41.3
2022-02-01 23:54:56,Northern Owens Valley,Pleasant Valley Elevation,4384.2
2022-02-01 23:54:56,Northern Owens Valley,Pleasant Valley Outflow,95.0
2022-02-01 23:54:56,Northern Owens Valley,Baker Ck. At LA Station Flow,4.5
2022-02-01 23:54:56,Northern Owens Valley,Big Pine Ck. USGS Flow,7.7
2022-02-01 23:54:56,Northern Owens Valley,O.R. Below Big Pine,157.7
2022-02-01 23:54:56,Northern Owens Valley,Fish Springs At RR Flow,45.4
2022-02-01 23:54:56,Northern Owens Valley,Tinemaha Elevation,3860.8
2022-02-01 23:54:56,Northern Owens Valley,Tinemaha Reservoir Outflow,174.3
2022-02-01 23:54:56,Northern Owens Valley,Bishop Creek Through Plant 6,39.9
2022-02-01 23:54:56,Northern Owens Valley,Bishop Creek Around Plant 6,3.2
