date,district,source,value
2026-10-07 00:43:13,Mono Basin,Lee Vining Intake Above Flow,48.3
2026-10-07 00:43:13,Mono Basin,Lee Vining Intake Below Flow,16.2
2026-10-07 00:43:13,Mono Basin,Walker Ck. Above Conduit Flow,3.0
2026-10-07 00:43:13,Mono Basin,L.V. Conduit Below Intake Flow,30.6
2026-10-07 00:43:13,Mono Basin,Walker Ck. Under Conduit Flow,3.0
2026-10-07 00:43:13,Mono Basin,Parker Ck. Under Conduit Flow,5.0
2026-10-07 00:43:13,Mono Basin,Parker Ck. Above Conduit Flow,5.0
2026-10-07 00:43:13,Mono Basin,Grant Lk. Spill Flow,0.0
2026-10-07 00:43:13,Mono Basin,Mono Gate 1 Return Ditch Flow,26.5
2026-10-07 00:43:13,Mono Basin,Grant Lk. Outflow,36.6
2026-10-07 00:43:13,Mono Basin,Rush Ck. at Damsite Flow,87.9
2026-10-07 00:43:13,Mono Basin,Flow to West Portal,13.3
2026-10-07 00:43:13,Long Valley,East Portal Flow,25.0
2026-10-07 00:43:13,Long Valley,OR Below EP Flow,72.0
2026-10-07 00:43:13,Long Valley,Hot Ck.at Hwy. Flow,4.0
2026-10-07 00:43:13,Long Valley,McGee Ck. Lower Sta. Flow,7.8
2026-10-07 00:43:13,Long Valley,Long Valley Current Outflow,586.2
2026-10-07 00:43:13,Long Valley,Rock Ck. Div. Flow,0.0
2026-10-07 00:43:13,Long Valley,Upper Gorge Total Release,40.0
2026-10-07 00:43:13,Long Valley,Release at Middle Gorge,0.0
2026-10-07 00:43:13,Northern Owens Valley,Rock Ck. At Owens River (PV) Flow,29.6
2026-10-07 00:43:13,Northern Owens Valley,Pleasant Valley Outflow,266.9
2026-10-07 00:43:13,Northern Owens Valley,Baker Ck. At LA Station Flow,6.1
2026-10-07 00:43:13,Northern Owens Valley,Big Pine Ck. USGS Flow,23.8
2026-10-07 00:43:13,Northern Owens Valley,O.R. Below Big Pine,315.1
2026-10-07 00:43:13,Northern Owens Valley,Fish Springs At RR Flow,39.5
2026-10-07 00:43:13,Northern Owens Valley,Tinemaha Reservoir Outflow,324.2
2026-10-07 00:43:13,Northern Owens Valley,Bishop Creek Through Plant 6,50.1
2026-10-07 00:43:13,Northern Owens Valley,Bishop Creek Around Plant 6,7.3
2026-10-07 00:43:13,Southern Owens Valley,Tinemaha Reservoir Outflow,324.2
2026-10-07 00:43:13,Southern Owens Valley,Indep. Ck. At Junction Flow,2.5
2026-10-07 00:43:13,Southern Owens Valley,LAA at Alabama Flow,247.0
2026-10-07 00:43:13,Southern Owens Valley,Cottonwood Ck. At LAA Flow,0.0
2026-10-07 00:43:13,Southern Owens Valley,LAA at Cottonwood Flow,224.0
2026-10-07 00:43:13,Southern Owens Valley,Haiwee LAA #1 Current Flow,0.0
2026-10-07 00:43:13,Southern Owens Valley,Haiwee LAA #2 Current Flow,3.8
2026-10-07 00:43:13,Southern Owens Valley,Reinhackel Flow,2.8
2026-10-07 00:43:13,Southern Owens Valley,Lubkin Spillgate Outflow,48.1
2026-10-07 00:43:13,Southern Owens Valley,Cartago Spillgate Outflow,113.8
2026-10-07 00:43:13,Southern Owens Valley,Lone Pine Creek Flow,4.5
2026-10-07 00:43:13,Lower Owens River Project,LORP Intake Flow,80.0
2026-10-07 00:43:13,Lower Owens River Project,LORP at Mazourka Canyon Road,0.0
2026-10-07 00:43:13,Lower Owens River Project,LORP at Reinhackle Springs,67.0
2026-10-07 00:43:13,Lower Owens River Project,LORP Above Pumpstation,57.0
2026-10-07 00:43:13,Lower Owens River Project,LORP At Pump Station Discharge Flow,45.0
2026-10-07 00:43:13,Southern District,Haiwee LAA #2 Current Flow,3.8
2026-10-07 00:43:13,Southern District,Haiwee LAA #1 Current Flow,0.0
2026-10-07 00:43:13,Southern District,LAA #1 Flow at Fairmont Reservoir,6.4
2026-10-07 00:43:13,Southern District,LAA #2 Flow at Fairmont Res.,0.0
2026-10-07 00:43:13,Southern District,Bouquet Reservoir Inflow,0.0
2026-10-07 00:43:13,Southern District,Bouquet Reservoir Outflow,0.5
2026-10-07 00:43:13,Southern District,LAA #1 at Soledad Flow,0.0
2026-10-07 00:43:13,Southern District,LAA #2 at Soledad Flow,0.0
2026-10-07 00:43:14,Mono Basin,Mono Lk. Elevation,6381.7
2026-10-07 00:43:14,Mono Basin,Grant Lk. Elevation,7128.5
2026-10-07 00:43:14,Long Valley,Long Valley Elevation,6765.0
2026-10-07 00:43:14,Northern Owens Valley,Pleasant Valley Elevation,4383.6
2026-10-07 00:43:14,Southern Owens Valley,LAA at Alabama Level,6.1
2026-10-07 00:43:14,Southern Owens Valley,LAA at Alabama Water Temp,65.9
2026-10-07 00:43:14,Southern Owens Valley,LAA at Cottonwood Level,6.2
2026-10-07 00:43:14,Southern Owens Valley,LAA at Cotton. Water Temp,66.9
2026-10-07 00:43:14,Southern Owens Valley,N. Haiwee Elevation,3757.0
2026-10-07 00:43:14,Southern Owens Valley,S. Haiwee Reservoir Elevation,3722.5
2026-10-07 00:43:14,Southern District,S. Haiwee Reservoir Elevation,3722.5
2026-10-07 00:43:14,Southern District,Fairmont Reservoir Elevation,3015.4
2026-10-07 00:43:14,Southern District,Bouquet Reservoir Elevation,2978.2
2026-10-07 01:43:13,Mono Basin,Lee Vining Intake Above Flow,47.9
2026-10-07 01:43:13,Mono Basin,Lee Vining Intake Below Flow,16.3
2026-10-07 01:43:13,Mono Basin,Walker Ck. Above Conduit Flow,3.0
2026-10-07 01:43:13,Mono Basin,L.V. Conduit Below Intake Flow,30.7
2026-10-07 01:43:13,Mono Basin,Walker Ck. Under Conduit Flow,3.0
2026-10-07 01:43:13,Mono Basin,Parker Ck. Under Conduit Flow,5.0
2026-10-07 01:43:13,Mono Basin,Parker Ck. Above Conduit Flow,5.0
2026-10-07 01:43:13,Mono Basin,Grant Lk. Spill Flow,0.0
2026-10-07 01:43:13,Mono Basin,Mono Gate 1 Return Ditch Flow,26.4
2026-10-07 01:43:13,Mono Basin,Grant Lk. Outflow,36.3
2026-10-07 01:43:13,Mono Basin,Rush Ck. at Damsite Flow,87.9
2026-10-07 01:43:13,Mono Basin,Flow to West Portal,13.3
2026-10-07 01:43:13,Long Valley,East Portal Flow,25.0
2026-10-07 01:43:13,Long Valley,OR Below EP Flow,72.0
2026-10-07 01:43:13,Long Valley,Hot Ck.at Hwy. Flow,4.0
2026-10-07 01:43:13,Long Valley,McGee Ck. Lower Sta. Flow,7.8
2026-10-07 01:43:13,Long Valley,Long Valley Current Outflow,586.8
2026-10-07 01:43:13,Long Valley,Rock Ck. Div. Flow,0.0
2026-10-07 01:43:13,Long Valley,Upper Gorge Total Release,40.6
2026-10-07 01:43:13,Long Valley,Release at Middle Gorge,0.0
2026-10-07 01:43:13,Northern Owens Valley,Rock Ck. At Owens River (PV) Flow,29.6
2026-10-07 01:43:13,Northern Owens Valley,Pleasant Valley Outflow,268.1
2026-10-07 01:43:13,Northern Owens Valley,Baker Ck. At LA Station Flow,6.1
2026-10-07 01:43:13,Northern Owens Valley,Big Pine Ck. USGS Flow,23.8
2026-10-07 01:43:13,Northern Owens Valley,O.R. Below Big Pine,315.6
2026-10-07 01:43:13,Northern Owens Valley,Fish Springs At RR Flow,39.5
2026-10-07 01:43:13,Northern Owens Valley,Tinemaha Reservoir Outflow,324.1
2026-10-07 01:43:13,Northern Owens Valley,Bishop Creek Through Plant 6,50.1
2026-10-07 01:43:13,Northern Owens Valley,Bishop Creek Around Plant 6,7.3
2026-10-07 01:43:13,Southern Owens Valley,Tinemaha Reservoir Outflow,324.1
2026-10-07 01:43:13,Southern Owens Valley,Indep. Ck. At Junction Flow,2.5
2026-10-07 01:43:13,Southern Owens Valley,LAA at Alabama Flow,247.0
2026-10-07 01:43:13,Southern Owens Valley,Cottonwood Ck. At LAA Flow,0.0
2026-10-07 01:43:13,Southern Owens Valley,LAA at Cottonwood Flow,224.0
2026-10-07 01:43:13,Southern Owens Valley,Haiwee LAA #1 Current Flow,0.0
2026-10-07 01:43:13,Southern Owens Valley,Haiwee LAA #2 Current Flow,3.8
2026-10-07 01:43:13,Southern Owens Valley,Reinhackel Flow,2.8
2026-10-07 01:43:13,Southern Owens Valley,Lubkin Spillgate Outflow,33.2
2026-10-07 01:43:13,Southern Owens Valley,Cartago Spillgate Outflow,106.2
2026-10-07 01:43:13,Southern Owens Valley,Lone Pine Creek Flow,4.5
2026-10-07 01:43:13,Lower Owens River Project,LORP Intake Flow,80.0
2026-10-07 01:43:13,Lower Owens River Project,LORP at Mazourka Canyon Road,0.0
2026-10-07 01:43:13,Lower Owens River Project,LORP at Reinhackle Springs,65.0
2026-10-07 01:43:13,Lower Owens River Project,LORP Above Pumpstation,58.0
2026-10-07 01:43:13,Lower Owens River Project,LORP At Pump Station Discharge Flow,46.0
2026-10-07 01:43:13,Southern District,Haiwee LAA #2 Current Flow,3.8
2026-10-07 01:43:13,Southern District,Haiwee LAA #1 Current Flow,0.0
2026-10-07 01:43:13,Southern District,LAA #1 Flow at Fairmont Reservoir,5.9
2026-10-07 01:43:13,Southern District,LAA #2 Flow at Fairmont Res.,0.0
2026-10-07 01:43:13,Southern District,Bouquet Reservoir Inflow,0.0
2026-10-07 01:43:13,Southern District,Bouquet Reservoir Outflow,0.5
2026-10-07 01:43:13,Southern District,LAA #1 at Soledad Flow,0.0
2026-10-07 01:43:13,Southern District,LAA #2 at Soledad Flow,0.0
2026-10-07 01:43:14,Mono Basin,Mono Lk. Elevation,6381.7
2026-10-07 01:43:14,Mono Basin,Grant Lk. Elevation,7128.5
2026-10-07 01:43:14,Long Valley,Long Valley Elevation,6765.0
2026-10-07 01:43:14,Northern Owens Valley,Pleasant Valley Elevation,4383.9
2026-10-07 01:43:14,Southern Owens Valley,LAA at Alabama Level,6.1
2026-10-07 01:43:14,Southern Owens Valley,LAA at Alabama Water Temp,65.6
2026-10-07 01:43:14,Southern Owens Valley,LAA at Cottonwood Level,6.2
2026-10-07 01:43:14,Southern Owens Valley,LAA at Cotton. Water Temp,66.7
2026-10-07 01:43:14,Southern Owens Valley,N. Haiwee Elevation,3757.0
2026-10-07 01:43:14,Southern Owens Valley,S. Haiwee Reservoir Elevation,3722.5
2026-10-07 01:43:14,Southern District,S. Haiwee Reservoir Elevation,3722.5
2026-10-07 01:43:14,Southern District,Fairmont Reservoir Elevation,3015.4
2026-10-07 01:43:14,Southern District,Bouquet Reservoir Elevation,2978.2
2026-10-07 02:43:13,Mono Basin,Lee Vining Intake Above Flow,48.8
2026-10-07 02:43:13,Mono Basin,Lee Vining Intake Below Flow,16.3
2026-10-07 02:43:13,Mono Basin,Walker Ck. Above Conduit Flow,3.0
2026-10-07 02:43:13,Mono Basin,L.V. Conduit Below Intake Flow,30.8
2026-10-07 02:43:13,Mono Basin,Walker Ck. Under Conduit Flow,3.0
2026-10-07 02:43:13,Mono Basin,Parker Ck. Under Conduit Flow,5.0
2026-10-07 02:43:13,Mono Basin,Parker Ck. Above Conduit Flow,5.0
2026-10-07 02:43:13,Mono Basin,Grant Lk. Spill Flow,0.0
2026-10-07 02:43:13,Mono Basin,Mono Gate 1 Return Ditch Flow,26.4
2026-10-07 02:43:13,Mono Basin,Grant Lk. Outflow,36.3
2026-10-07 02:43:13,Mono Basin,Rush Ck. at Damsite Flow,87.9
2026-10-07 02:43:13,Mono Basin,Flow to West Portal,13.3
2026-10-07 02:43:13,Long Valley,East Portal Flow,25.0
2026-10-07 02:43:13,Long Valley,OR Below EP Flow,72.0
2026-10-07 02:43:13,Long Valley,Hot Ck.at Hwy. Flow,4.0
2026-10-07 02:43:13,Long Valley,McGee Ck. Lower Sta. Flow,7.8
2026-10-07 02:43:13,Long Valley,Long Valley Current Outflow,588.9
2026-10-07 02:43:13,Long Valley,Rock Ck. Div. Flow,0.0
2026-10-07 02:43:13,Long Valley,Upper Gorge Total Release,41.0
2026-10-07 02:43:13,Long Valley,Release at Middle Gorge,0.0
2026-10-07 02:43:13,Northern Owens Valley,Rock Ck. At Owens River (PV) Flow,29.8
2026-10-07 02:43:13,Northern Owens Valley,Pleasant Valley Outflow,268.2
2026-10-07 02:43:13,Northern Owens Valley,Baker Ck. At LA Station Flow,6.1
2026-10-07 02:43:13,Northern Owens Valley,Big Pine Ck. USGS Flow,23.8
2026-10-07 02:43:13,Northern Owens Valley,O.R. Below Big Pine,316.7
2026-10-07 02:43:13,Northern Owens Valley,Fish Springs At RR Flow,39.5
2026-10-07 02:43:13,Northern Owens Valley,Tinemaha Reservoir Outflow,324.2
2026-10-07 02:43:13,Northern Owens Valley,Bishop Creek Through Plant 6,50.1
2026-10-07 02:43:13,Northern Owens Valley,Bishop Creek Around Plant 6,7.3
2026-10-07 02:43:13,Southern Owens Valley,Tinemaha Reservoir Outflow,324.2
2026-10-07 02:43:13,Southern Owens Valley,Indep. Ck. At Junction Flow,2.5
2026-10-07 02:43:13,Southern Owens Valley,LAA at Alabama Flow,247.0
2026-10-07 02:43:13,Southern Owens Valley,Cottonwood Ck. At LAA Flow,0.0
2026-10-07 02:43:13,Southern Owens Valley,LAA at Cottonwood Flow,224.0
2026-10-07 02:43:13,Southern Owens Valley,Haiwee LAA #1 Current Flow,0.0
2026-10-07 02:43:13,Southern Owens Valley,Haiwee LAA #2 Current Flow,3.8
2026-10-07 02:43:13,Southern Owens Valley,Reinhackel Flow,2.8
2026-10-07 02:43:13,Southern Owens Valley,Lubkin Spillgate Outflow,44.3
2026-10-07 02:43:13,Southern Owens Valley,Cartago Spillgate Outflow,97.1
2026-10-07 02:43:13,Southern Owens Valley,Lone Pine Creek Flow,4.6
2026-10-07 02:43:13,Lower Owens River Project,LORP Intake Flow,80.0
2026-10-07 02:43:13,Lower Owens River Project,LORP at Mazourka Canyon Road,0.0
2026-10-07 02:43:13,Lower Owens River Project,LORP at Reinhackle Springs,62.0
2026-10-07 02:43:13,Lower Owens River Project,LORP Above Pumpstation,58.0
2026-10-07 02:43:13,Lower Owens River Project,LORP At Pump Station Discharge Flow,47.0
2026-10-07 02:43:13,Southern District,Haiwee LAA #2 Current Flow,3.8
2026-10-07 02:43:13,Southern District,Haiwee LAA #1 Current Flow,0.0
2026-10-07 02:43:13,Southern District,LAA #1 Flow at Fairmont Reservoir,5.9
2026-10-07 02:43:13,Southern District,LAA #2 Flow at Fairmont Res.,0.0
2026-10-07 02:43:13,Southern District,Bouquet Reservoir Inflow,0.0
2026-10-07 02:43:13,Southern District,Bouquet Reservoir Outflow,0.5
2026-10-07 02:43:13,Southern District,LAA #1 at Soledad Flow,0.0
2026-10-07 02:43:13,Southern District,LAA #2 at Soledad Flow,0.0
2026-10-07 02:43:14,Mono Basin,Mono Lk. Elevation,6381.7
2026-10-07 02:43:14,Mono Basin,Grant Lk. Elevation,7128.5
2026-10-07 02:43:14,Long Valley,Long Valley Elevation,6765.0
2026-10-07 02:43:14,Northern Owens Valley,Pleasant Valley Elevation,4384.3
2026-10-07 02:43:14,Southern Owens Valley,LAA at Alabama Level,6.1
2026-10-07 02:43:14,Southern Owens Valley,LAA at Alabama Water Temp,65.0
2026-10-07 02:43:14,Southern Owens Valley,LAA at Cottonwood Level,6.2
2026-10-07 02:43:14,Southern Owens Valley,LAA at Cotton. Water Temp,66.6
2026-10-07 02:43:14,Southern Owens Valley,N. Haiwee Elevation,3757.0
2026-10-07 02:43:14,Southern Owens Valley,S. Haiwee Reservoir Elevation,3722.5
2026-10-07 02:43:14,Southern District,S. Haiwee Reservoir Elevation,3722.5
2026-10-07 02:43:14,Southern District,Fairmont Reservoir Elevation,3015.4
2026-10-07 02:43:14,Southern District,Bouquet Reservoir Elevation,2978.2
2026-10-07 03:43:13,Mono Basin,Lee Vining Intake Above Flow,48.3
2026-10-07 03:43:13,Mono Basin,Lee Vining Intake Below Flow,16.3
2026-10-07 03:43:13,Mono Basin,Walker Ck. Above Conduit Flow,3.0
2026-10-07 03:43:13,Mono Basin,L.V. Conduit Below Intake Flow,30.6
2026-10-07 03:43:13,Mono Basin,Walker Ck. Under Conduit Flow,3.0
2026-10-07 03:43:13,Mono Basin,Parker Ck. Under Conduit Flow,5.0
2026-10-07 03:43:13,Mono Basin,Parker Ck. Above Conduit Flow,5.0
2026-10-07 03:43:13,Mono Basin,Grant Lk. Spill Flow,0.0
2026-10-07 03:43:13,Mono Basin,Mono Gate 1 Return Ditch Flow,26.4
2026-10-07 03:43:13,Mono Basin,Grant Lk. Outflow,36.4
2026-10-07 03:43:13,Mono Basin,Rush Ck. at Damsite Flow,87.9
2026-10-07 03:43:13,Mono Basin,Flow to West Portal,13.3
2026-10-07 03:43:13,Long Valley,East Portal Flow,26.0
2026-10-07 03:43:13,Long Valley,OR Below EP Flow,72.0
2026-10-07 03:43:13,Long Valley,Hot Ck.at Hwy. Flow,4.0
2026-10-07 03:43:13,Long Valley,McGee Ck. Lower Sta. Flow,7.8
2026-10-07 03:43:13,Long Valley,Long Valley Current Outflow,590.3
2026-10-07 03:43:13,Long Valley,Rock Ck. Div. Flow,0.0
2026-10-07 03:43:13,Long Valley,Upper Gorge Total Release,41.1
2026-10-07 03:43:13,Long Valley,Release at Middle Gorge,0.0
2026-10-07 03:43:13,Northern Owens Valley,Rock Ck. At Owens River (PV) Flow,29.8
2026-10-07 03:43:13,Northern Owens Valley,Pleasant Valley Outflow,268.0
2026-10-07 03:43:13,Northern Owens Valley,Baker Ck. At LA Station Flow,6.1
2026-10-07 03:43:13,Northern Owens Valley,Big Pine Ck. USGS Flow,23.8
2026-10-07 03:43:13,Northern Owens Valley,O.R. Below Big Pine,316.9
2026-10-07 03:43:13,Northern Owens Valley,Fish Springs At RR Flow,39.5
2026-10-07 03:43:13,Northern Owens Valley,Tinemaha Reservoir Outflow,323.7
2026-10-07 03:43:13,Northern Owens Valley,Bishop Creek Through Plant 6,49.2
2026-10-07 03:43:13,Northern Owens Valley,Bishop Creek Around Plant 6,7.3
2026-10-07 03:43:13,Southern Owens Valley,Tinemaha Reservoir Outflow,323.7
2026-10-07 03:43:13,Southern Owens Valley,Indep. Ck. At Junction Flow,2.5
2026-10-07 03:43:13,Southern Owens Valley,LAA at Alabama Flow,247.0
2026-10-07 03:43:13,Southern Owens Valley,Cottonwood Ck. At LAA Flow,0.0
2026-10-07 03:43:13,Southern Owens Valley,LAA at Cottonwood Flow,223.0
2026-10-07 03:43:13,Southern Owens Valley,Haiwee LAA #1 Current Flow,0.0
2026-10-07 03:43:13,Southern Owens Valley,Haiwee LAA #2 Current Flow,3.8
2026-10-07 03:43:13,Southern Owens Valley,Reinhackel Flow,2.8
2026-10-07 03:43:13,Southern Owens Valley,Lubkin Spillgate Outflow,42.5
2026-10-07 03:43:13,Southern Owens Valley,Cartago Spillgate Outflow,113.4
2026-10-07 03:43:13,Southern Owens Valley,Lone Pine Creek Flow,4.6
2026-10-07 03:43:13,Lower Owens River Project,LORP Intake Flow,80.0
2026-10-07 03:43:13,Lower Owens River Project,LORP at Mazourka Canyon Road,0.0
2026-10-07 03:43:13,Lower Owens River Project,LORP at Reinhackle Springs,64.0
2026-10-07 03:43:13,Lower Owens River Project,LORP Above Pumpstation,59.0
2026-10-07 03:43:13,Lower Owens River Project,LORP At Pump Station Discharge Flow,47.0
2026-10-07 03:43:13,Southern District,Haiwee LAA #2 Current Flow,3.8
2026-10-07 03:43:13,Southern District,Haiwee LAA #1 Current Flow,0.0
2026-10-07 03:43:13,Southern District,LAA #1 Flow at Fairmont Reservoir,5.5
2026-10-07 03:43:13,Southern District,LAA #2 Flow at Fairmont Res.,0.0
2026-10-07 03:43:13,Southern District,Bouquet Reservoir Inflow,0.0
2026-10-07 03:43:13,Southern District,Bouquet Reservoir Outflow,0.5
2026-10-07 03:43:13,Southern District,LAA #1 at Soledad Flow,0.0
2026-10-07 03:43:13,Southern District,LAA #2 at Soledad Flow,0.0
2026-10-07 03:43:14,Mono Basin,Mono Lk. Elevation,6381.7
2026-10-07 03:43:14,Mono Basin,Grant Lk. Elevation,7128.6
2026-10-07 03:43:14,Long Valley,Long Valley Elevation,6765.0
2026-10-07 03:43:14,Northern Owens Valley,Pleasant Valley Elevation,4384.6
2026-10-07 03:43:14,Southern Owens Valley,LAA at Alabama Level,6.1
2026-10-07 03:43:14,Southern Owens Valley,LAA at Alabama Water Temp,64.7
2026-10-07 03:43:14,Southern Owens Valley,LAA at Cottonwood Level,6.2
2026-10-07 03:43:14,Southern Owens Valley,LAA at Cotton. Water Temp,66.5
2026-10-07 03:43:14,Southern Owens Valley,N. Haiwee Elevation,3757.0
2026-10-07 03:43:14,Southern Owens Valley,S. Haiwee Reservoir Elevation,3722.5
2026-10-07 03:43:14,Southern District,S. Haiwee Reservoir Elevation,3722.5
2026-10-07 03:43:14,Southern District,Fairmont Reservoir Elevation,3015.4
2026-10-07 03:43:14,Southern District,Bouquet Reservoir Elevation,2978.2
2026-10-07 04:43:13,Mono Basin,Lee Vining Intake Above Flow,48.8
2026-10-07 04:43:13,Mono Basin,Lee Vining Intake Below Flow,16.5
2026-10-07 04:43:13,Mono Basin,Walker Ck. Above Conduit Flow,3.0
2026-10-07 04:43:13,Mono Basin,L.V. Conduit Below Intake Flow,30.9
2026-10-07 04:43:13,Mono Basin,Walker Ck. Under Conduit Flow,3.0
2026-10-07 04:43:13,Mono Basin,Parker Ck. Under Conduit Flow,5.0
2026-10-07 04:43:13,Mono Basin,Parker Ck. Above Conduit Flow,5.0
2026-10-07 04:43:13,Mono Basin,Grant Lk. Spill Flow,0.0
2026-10-07 04:43:13,Mono Basin,Mono Gate 1 Return Ditch Flow,26.6
2026-10-07 04:43:13,Mono Basin,Grant Lk. Outflow,36.4
2026-10-07 04:43:13,Mono Basin,Rush Ck. at Damsite Flow,87.9
2026-10-07 04:43:13,Mono Basin,Flow to West Portal,13.3
2026-10-07 04:43:13,Long Valley,East Portal Flow,26.0
2026-10-07 04:43:13,Long Valley,OR Below EP Flow,72.0
2026-10-07 04:43:13,Long Valley,Hot Ck.at Hwy. Flow,4.0
2026-10-07 04:43:13,Long Valley,McGee Ck. Lower Sta. Flow,7.8
2026-10-07 04:43:13,Long Valley,Long Valley Current Outflow,583.7
2026-10-07 04:43:13,Long Valley,Rock Ck. Div. Flow,0.0
2026-10-07 04:43:13,Long Valley,Upper Gorge Total Release,41.1
2026-10-07 04:43:13,Long Valley,Release at Middle Gorge,0.0
2026-10-07 04:43:13,Northern Owens Valley,Rock Ck. At Owens River (PV) Flow,30.0
2026-10-07 04:43:13,Northern Owens Valley,Pleasant Valley Outflow,270.4
2026-10-07 04:43:13,Northern Owens Valley,Baker Ck. At LA Station Flow,6.1
2026-10-07 04:43:13,Northern Owens Valley,Big Pine Ck. USGS Flow,23.8
2026-10-07 04:43:13,Northern Owens Valley,O.R. Below Big Pine,316.5
2026-10-07 04:43:13,Northern Owens Valley,Fish Springs At RR Flow,39.5
2026-10-07 04:43:13,Northern Owens Valley,Tinemaha Reservoir Outflow,324.2
2026-10-07 04:43:13,Northern Owens Valley,Bishop Creek Through Plant 6,49.2
2026-10-07 04:43:13,Northern Owens Valley,Bishop Creek Around Plant 6,7.3
2026-10-07 04:43:13,Southern Owens Valley,Tinemaha Reservoir Outflow,324.2
2026-10-07 04:43:13,Southern Owens Valley,Indep. Ck. At Junction Flow,2.5
2026-10-07 04:43:13,Southern Owens Valley,LAA at Alabama Flow,247.0
2026-10-07 04:43:13,Southern Owens Valley,Cottonwood Ck. At LAA Flow,0.0
2026-10-07 04:43:13,Southern Owens Valley,LAA at Cottonwood Flow,223.0
2026-10-07 04:43:13,Southern Owens Valley,Haiwee LAA #1 Current Flow,0.0
2026-10-07 04:43:13,Southern Owens Valley,Haiwee LAA #2 Current Flow,3.8
2026-10-07 04:43:13,Southern Owens Valley,Reinhackel Flow,2.8
2026-10-07 04:43:13,Southern Owens Valley,Lubkin Spillgate Outflow,48.1
2026-10-07 04:43:13,Southern Owens Valley,Cartago Spillgate Outflow,109.8
2026-10-07 04:43:13,Southern Owens Valley,Lone Pine Creek Flow,4.7
2026-10-07 04:43:13,Lower Owens River Project,LORP Intake Flow,80.0
2026-10-07 04:43:13,Lower Owens River Project,LORP at Mazourka Canyon Road,0.0
2026-10-07 04:43:13,Lower Owens River Project,LORP at Reinhackle Springs,61.0
2026-10-07 04:43:13,Lower Owens River Project,LORP Above Pumpstation,56.0
2026-10-07 04:43:13,Lower Owens River Project,LORP At Pump Station Discharge Flow,44.0
2026-10-07 04:43:13,Southern District,Haiwee LAA #2 Current Flow,3.8
2026-10-07 04:43:13,Southern District,Haiwee LAA #1 Current Flow,0.0
2026-10-07 04:43:13,Southern District,LAA #1 Flow at Fairmont Reservoir,5.6
2026-10-07 04:43:13,Southern District,LAA #2 Flow at Fairmont Res.,0.0
2026-10-07 04:43:13,Southern District,Bouquet Reservoir Inflow,0.0
2026-10-07 04:43:13,Southern District,Bouquet Reservoir Outflow,0.5
2026-10-07 04:43:13,Southern District,LAA #1 at Soledad Flow,0.0
2026-10-07 04:43:13,Southern District,LAA #2 at Soledad Flow,0.0
2026-10-07 04:43:14,Mono Basin,Mono Lk. Elevation,6381.7
2026-10-07 04:43:14,Mono Basin,Grant Lk. Elevation,7128.6
2026-10-07 04:43:14,Long Valley,Long Valley Elevation,6765.0
2026-10-07 04:43:14,Northern Owens Valley,Pleasant Valley Elevation,4384.9
2026-10-07 04:43:14,Southern Owens Valley,LAA at Alabama Level,6.1
2026-10-07 04:43:14,Southern Owens Valley,LAA at Alabama Water Temp,64.3
2026-10-07 04:43:14,Southern Owens Valley,LAA at Cottonwood Level,6.2
2026-10-07 04:43:14,Southern Owens Valley,LAA at Cotton. Water Temp,66.4
2026-10-07 04:43:14,Southern Owens Valley,N. Haiwee Elevation,3757.0
2026-10-07 04:43:14,Southern Owens Valley,S. Haiwee Reservoir Elevation,3722.5
2026-10-07 04:43:14,Southern District,S. Haiwee Reservoir Elevation,3722.5
2026-10-07 04:43:14,Southern District,Fairmont Reservoir Elevation,3015.4
2026-10-07 04:43:14,Southern District,Bouquet Reservoir Elevation,2978.2
2026-10-07 05:43:13,Mono Basin,Lee Vining Intake Above Flow,48.8
2026-10-07 05:43:13,Mono Basin,Lee Vining Intake Below Flow,16.2
2026-10-07 05:43:13,Mono Basin,Walker Ck. Above Conduit Flow,3.0
2026-10-07 05:43:13,Mono Basin,L.V. Conduit Below Intake Flow,31.0
2026-10-07 05:43:13,Mono Basin,Walker Ck. Under Conduit Flow,3.0
2026-10-07 05:43:13,Mono Basin,Parker Ck. Under Conduit Flow,5.0
2026-10-07 05:43:13,Mono Basin,Parker Ck. Above Conduit Flow,5.0
2026-10-07 05:43:13,Mono Basin,Grant Lk. Spill Flow,0.0
2026-10-07 05:43:13,Mono Basin,Mono Gate 1 Return Ditch Flow,26.7
2026-10-07 05:43:13,Mono Basin,Grant Lk. Outflow,36.6
2026-10-07 05:43:13,Mono Basin,Rush Ck. at Damsite Flow,74.7
2026-10-07 05:43:13,Mono Basin,Flow to West Portal,13.3
2026-10-07 05:43:13,Long Valley,East Portal Flow,25.0
2026-10-07 05:43:13,Long Valley,OR Below EP Flow,72.0
2026-10-07 05:43:13,Long Valley,Hot Ck.at Hwy. Flow,4.0
2026-10-07 05:43:13,Long Valley,McGee Ck. Lower Sta. Flow,7.8
2026-10-07 05:43:13,Long Valley,Long Valley Current Outflow,54.4
2026-10-07 05:43:13,Long Valley,Rock Ck. Div. Flow,0.0
2026-10-07 05:43:13,Long Valley,Upper Gorge Total Release,41.0
2026-10-07 05:43:13,Long Valley,Release at Middle Gorge,0.0
2026-10-07 05:43:13,Northern Owens Valley,Rock Ck. At Owens River (PV) Flow,30.0
2026-10-07 05:43:13,Northern Owens Valley,Pleasant Valley Outflow,269.0
2026-10-07 05:43:13,Northern Owens Valley,Baker Ck. At LA Station Flow,6.1
2026-10-07 05:43:13,Northern Owens Valley,Big Pine Ck. USGS Flow,23.8
2026-10-07 05:43:13,Northern Owens Valley,O.R. Below Big Pine,316.8
2026-10-07 05:43:13,Northern Owens Valley,Fish Springs At RR Flow,39.5
2026-10-07 05:43:13,Northern Owens Valley,Tinemaha Reservoir Outflow,323.4
2026-10-07 05:43:13,Northern Owens Valley,Bishop Creek Through Plant 6,49.2
2026-10-07 05:43:13,Northern Owens Valley,Bishop Creek Around Plant 6,7.3
2026-10-07 05:43:13,Southern Owens Valley,Tinemaha Reservoir Outflow,323.4
2026-10-07 05:43:13,Southern Owens Valley,Indep. Ck. At Junction Flow,2.5
2026-10-07 05:43:13,Southern Owens Valley,LAA at Alabama Flow,247.0
2026-10-07 05:43:13,Southern Owens Valley,Cottonwood Ck. At LAA Flow,0.0
2026-10-07 05:43:13,Southern Owens Valley,LAA at Cottonwood Flow,223.0
2026-10-07 05:43:13,Southern Owens Valley,Haiwee LAA #1 Current Flow,0.0
2026-10-07 05:43:13,Southern Owens Valley,Haiwee LAA #2 Current Flow,3.8
2026-10-07 05:43:13,Southern Owens Valley,Reinhackel Flow,2.8
2026-10-07 05:43:13,Southern Owens Valley,Lubkin Spillgate Outflow,43.8
2026-10-07 05:43:13,Southern Owens Valley,Cartago Spillgate Outflow,101.3
2026-10-07 05:43:13,Southern Owens Valley,Lone Pine Creek Flow,4.7
2026-10-07 05:43:13,Lower Owens River Project,LORP Intake Flow,81.0
2026-10-07 05:43:13,Lower Owens River Project,LORP at Mazourka Canyon Road,0.0
2026-10-07 05:43:13,Lower Owens River Project,LORP at Reinhackle Springs,66.0
2026-10-07 05:43:13,Lower Owens River Project,LORP Above Pumpstation,59.0
2026-10-07 05:43:13,Lower Owens River Project,LORP At Pump Station Discharge Flow,47.0
2026-10-07 05:43:13,Southern District,Haiwee LAA #2 Current Flow,3.8
2026-10-07 05:43:13,Southern District,Haiwee LAA #1 Current Flow,0.0
2026-10-07 05:43:13,Southern District,LAA #1 Flow at Fairmont Reservoir,5.4
2026-10-07 05:43:13,Southern District,LAA #2 Flow at Fairmont Res.,0.0
2026-10-07 05:43:13,Southern District,Bouquet Reservoir Inflow,0.0
2026-10-07 05:43:13,Southern District,Bouquet Reservoir Outflow,0.7
2026-10-07 05:43:13,Southern District,LAA #1 at Soledad Flow,0.0
2026-10-07 05:43:13,Southern District,LAA #2 at Soledad Flow,0.0
2026-10-07 05:43:14,Mono Basin,Mono Lk. Elevation,6381.7
2026-10-07 05:43:14,Mono Basin,Grant Lk. Elevation,7128.6
2026-10-07 05:43:14,Long Valley,Long Valley Elevation,6765.0
2026-10-07 05:43:14,Northern Owens Valley,Pleasant Valley Elevation,4384.9
2026-10-07 05:43:14,Southern Owens Valley,LAA at Alabama Level,6.1
2026-10-07 05:43:14,Southern Owens Valley,LAA at Alabama Water Temp,64.3
2026-10-07 05:43:14,Southern Owens Valley,LAA at Cottonwood Level,6.1
2026-10-07 05:43:14,Southern Owens Valley,LAA at Cotton. Water Temp,66.2
2026-10-07 05:43:14,Southern Owens Valley,N. Haiwee Elevation,3757.0
2026-10-07 05:43:14,Southern Owens Valley,S. Haiwee Reservoir Elevation,3722.6
2026-10-07 05:43:14,Southern District,S. Haiwee Reservoir Elevation,3722.6
2026-10-07 05:43:14,Southern District,Fairmont Reservoir Elevation,3015.4
2026-10-07 05:43:14,Southern District,Bouquet Reservoir Elevation,2978.2
2026-10-07 06:28:14,Northern Owens Valley,Tinemaha Elevation,3861.1
2026-10-07 06:28:14,Southern Owens Valley,Tinemaha Elevation,3861.1
2026-10-07 06:43:13,Mono Basin,Lee Vining Intake Above Flow,48.1
2026-10-07 06:43:13,Mono Basin,Lee Vining Intake Below Flow,16.2
2026-10-07 06:43:13,Mono Basin,Walker Ck. Above Conduit Flow,3.0
2026-10-07 06:43:13,Mono Basin,L.V. Conduit Below Intake Flow,31.7
2026-10-07 06:43:13,Mono Basin,Walker Ck. Under Conduit Flow,3.0
2026-10-07 06:43:13,Mono Basin,Parker Ck. Under Conduit Flow,5.0
2026-10-07 06:43:13,Mono Basin,Parker Ck. Above Conduit Flow,6.0
2026-10-07 06:43:13,Mono Basin,Grant Lk. Spill Flow,0.0
2026-10-07 06:43:13,Mono Basin,Mono Gate 1 Return Ditch Flow,26.6
2026-10-07 06:43:13,Mono Basin,Grant Lk. Outflow,36.4
2026-10-07 06:43:13,Mono Basin,Rush Ck. at Damsite Flow,67.2
2026-10-07 06:43:13,Mono Basin,Flow to West Portal,13.2
2026-10-07 06:43:13,Long Valley,East Portal Flow,26.0
2026-10-07 06:43:13,Long Valley,OR Below EP Flow,72.0
2026-10-07 06:43:13,Long Valley,Hot Ck.at Hwy. Flow,5.0
2026-10-07 06:43:13,Long Valley,McGee Ck. Lower Sta. Flow,7.9
2026-10-07 06:43:13,Long Valley,Long Valley Current Outflow,45.7
2026-10-07 06:43:13,Long Valley,Rock Ck. Div. Flow,0.0
2026-10-07 06:43:13,Long Valley,Upper Gorge Total Release,41.1
2026-10-07 06:43:13,Long Valley,Release at Middle Gorge,0.0
2026-10-07 06:43:13,Northern Owens Valley,Rock Ck. At Owens River (PV) Flow,30.0
2026-10-07 06:43:13,Northern Owens Valley,Pleasant Valley Outflow,268.6
2026-10-07 06:43:13,Northern Owens Valley,Baker Ck. At LA Station Flow,6.1
2026-10-07 06:43:13,Northern Owens Valley,Big Pine Ck. USGS Flow,23.9
2026-10-07 06:43:13,Northern Owens Valley,O.R. Below Big Pine,316.9
2026-10-07 06:43:13,Northern Owens Valley,Fish Springs At RR Flow,39.6
2026-10-07 06:43:13,Northern Owens Valley,Tinemaha Reservoir Outflow,289.4
2026-10-07 06:43:13,Northern Owens Valley,Bishop Creek Through Plant 6,51.4
2026-10-07 06:43:13,Northern Owens Valley,Bishop Creek Around Plant 6,7.3
2026-10-07 06:43:13,Southern Owens Valley,Tinemaha Reservoir Outflow,289.4
2026-10-07 06:43:13,Southern Owens Valley,Indep. Ck. At Junction Flow,2.7
2026-10-07 06:43:13,Southern Owens Valley,LAA at Alabama Flow,248.0
2026-10-07 06:43:13,Southern Owens Valley,Cottonwood Ck. At LAA Flow,0.0
2026-10-07 06:43:13,Southern Owens Valley,LAA at Cottonwood Flow,222.0
2026-10-07 06:43:13,Southern Owens Valley,Haiwee LAA #1 Current Flow,0.0
2026-10-07 06:43:13,Southern Owens Valley,Haiwee LAA #2 Current Flow,3.3
2026-10-07 06:43:13,Southern Owens Valley,Reinhackel Flow,2.8
2026-10-07 06:43:13,Southern Owens Valley,Lubkin Spillgate Outflow,45.2
2026-10-07 06:43:13,Southern Owens Valley,Cartago Spillgate Outflow,101.9
2026-10-07 06:43:13,Southern Owens Valley,Lone Pine Creek Flow,4.7
2026-10-07 06:43:13,Lower Owens River Project,LORP Intake Flow,81.0
2026-10-07 06:43:13,Lower Owens River Project,LORP at Mazourka Canyon Road,0.0
2026-10-07 06:43:13,Lower Owens River Project,LORP at Reinhackle Springs,65.0
2026-10-07 06:43:13,Lower Owens River Project,LORP Above Pumpstation,59.0
2026-10-07 06:43:13,Lower Owens River Project,LORP At Pump Station Discharge Flow,47.0
2026-10-07 06:43:13,Southern District,Haiwee LAA #2 Current Flow,3.3
2026-10-07 06:43:13,Southern District,Haiwee LAA #1 Current Flow,0.0
2026-10-07 06:43:13,Southern District,LAA #1 Flow at Fairmont Reservoir,6.1
2026-10-07 06:43:13,Southern District,LAA #2 Flow at Fairmont Res.,0.0
2026-10-07 06:43:13,Southern District,Bouquet Reservoir Inflow,0.0
2026-10-07 06:43:13,Southern District,Bouquet Reservoir Outflow,0.7
2026-10-07 06:43:13,Southern District,LAA #1 at Soledad Flow,0.0
2026-10-07 06:43:13,Southern District,LAA #2 at Soledad Flow,0.0
2026-10-07 06:43:14,Mono Basin,Mono Lk. Elevation,6381.7
2026-10-07 06:43:14,Mono Basin,Grant Lk. Elevation,7128.6
2026-10-07 06:43:14,Long Valley,Long Valley Elevation,6765.0
2026-10-07 06:43:14,Northern Owens Valley,Pleasant Valley Elevation,4384.7
2026-10-07 06:43:14,Southern Owens Valley,LAA at Alabama Level,6.1
2026-10-07 06:43:14,Southern Owens Valley,LAA at Alabama Water Temp,63.9
2026-10-07 06:43:14,Southern Owens Valley,LAA at Cottonwood Level,6.1
2026-10-07 06:43:14,Southern Owens Valley,LAA at Cotton. Water Temp,65.9
2026-10-07 06:43:14,Southern Owens Valley,N. Haiwee Elevation,3757.0
2026-10-07 06:43:14,Southern Owens Valley,S. Haiwee Reservoir Elevation,3722.6
2026-10-07 06:43:14,Southern District,S. Haiwee Reservoir Elevation,3722.6
2026-10-07 06:43:14,Southern District,Fairmont Reservoir Elevation,3015.4
2026-10-07 06:43:14,Southern District,Bouquet Reservoir Elevation,2978.2
2026-10-07 06:58:14,Northern Owens Valley,Tinemaha Elevation,3861.1
2026-10-07 06:58:14,Southern Owens Valley,Tinemaha Elevation,3861.1
2026-10-07 07:28:14,Northern Owens Valley,Tinemaha Elevation,3861.1
2026-10-07 07:28:14,Southern Owens Valley,Tinemaha Elevation,3861.1
2026-10-07 07:43:13,Mono Basin,Lee Vining Intake Above Flow,48.5
2026-10-07 07:43:13,Mono Basin,Lee Vining Intake Below Flow,16.4
2026-10-07 07:43:13,Mono Basin,Walker Ck. Above Conduit Flow,3.0
2026-10-07 07:43:13,Mono Basin,L.V. Conduit Below Intake Flow,31.3
2026-10-07 07:43:13,Mono Basin,Walker Ck. Under Conduit Flow,3.0
2026-10-07 07:43:13,Mono Basin,Parker Ck. Under Conduit Flow,5.0
2026-10-07 07:43:13,Mono Basin,Parker Ck. Above Conduit Flow,6.0
2026-10-07 07:43:13,Mono Basin,Grant Lk. Spill Flow,0.0
2026-10-07 07:43:13,Mono Basin,Mono Gate 1 Return Ditch Flow,26.7
2026-10-07 07:43:13,Mono Basin,Grant Lk. Outflow,36.6
2026-10-07 07:43:13,Mono Basin,Rush Ck. at Damsite Flow,64.6
2026-10-07 07:43:13,Mono Basin,Flow to West Portal,13.2
2026-10-07 07:43:13,Long Valley,East Portal Flow,26.0
2026-10-07 07:43:13,Long Valley,OR Below EP Flow,72.0
2026-10-07 07:43:13,Long Valley,Hot Ck.at Hwy. Flow,5.0
2026-10-07 07:43:13,Long Valley,McGee Ck. Lower Sta. Flow,7.9
2026-10-07 07:43:13,Long Valley,Long Valley Current Outflow,45.1
2026-10-07 07:43:13,Long Valley,Rock Ck. Div. Flow,0.0
2026-10-07 07:43:13,Long Valley,Upper Gorge Total Release,40.8
2026-10-07 07:43:13,Long Valley,Release at Middle Gorge,0.0
2026-10-07 07:43:13,Northern Owens Valley,Rock Ck. At Owens River (PV) Flow,30.2
2026-10-07 07:43:13,Northern Owens Valley,Pleasant Valley Outflow,267.3
2026-10-07 07:43:13,Northern Owens Valley,Baker Ck. At LA Station Flow,6.1
2026-10-07 07:43:13,Northern Owens Valley,Big Pine Ck. USGS Flow,23.9
2026-10-07 07:43:13,Northern Owens Valley,O.R. Below Big Pine,315.4
2026-10-07 07:43:13,Northern Owens Valley,Fish Springs At RR Flow,39.6
2026-10-07 07:43:13,Northern Owens Valley,Tinemaha Reservoir Outflow,275.3
2026-10-07 07:43:13,Northern Owens Valley,Bishop Creek Through Plant 6,51.4
2026-10-07 07:43:13,Northern Owens Valley,Bishop Creek Around Plant 6,7.3
2026-10-07 07:43:13,Southern Owens Valley,Tinemaha Reservoir Outflow,275.3
2026-10-07 07:43:13,Southern Owens Valley,Indep. Ck. At Junction Flow,2.7
2026-10-07 07:43:13,Southern Owens Valley,LAA at Alabama Flow,248.0
2026-10-07 07:43:13,Southern Owens Valley,Cottonwood Ck. At LAA Flow,0.0
2026-10-07 07:43:13,Southern Owens Valley,LAA at Cottonwood Flow,221.0
2026-10-07 07:43:13,Southern Owens Valley,Haiwee LAA #1 Current Flow,0.0
2026-10-07 07:43:13,Southern Owens Valley,Haiwee LAA #2 Current Flow,3.3
2026-10-07 07:43:13,Southern Owens Valley,Reinhackel Flow,2.8
2026-10-07 07:43:13,Southern Owens Valley,Lubkin Spillgate Outflow,56.4
2026-10-07 07:43:13,Southern Owens Valley,Cartago Spillgate Outflow,114.2
2026-10-07 07:43:13,Southern Owens Valley,Lone Pine Creek Flow,4.7
2026-10-07 07:43:13,Lower Owens River Project,LORP Intake Flow,80.0
2026-10-07 07:43:13,Lower Owens River Project,LORP at Mazourka Canyon Road,0.0
2026-10-07 07:43:13,Lower Owens River Project,LORP at Reinhackle Springs,64.0
2026-10-07 07:43:13,Lower Owens River Project,LORP Above Pumpstation,58.0
2026-10-07 07:43:13,Lower Owens River Project,LORP At Pump Station Discharge Flow,46.0
2026-10-07 07:43:13,Southern District,Haiwee LAA #2 Current Flow,3.3
2026-10-07 07:43:13,Southern District,Haiwee LAA #1 Current Flow,0.0
2026-10-07 07:43:13,Southern District,LAA #1 Flow at Fairmont Reservoir,6.0
2026-10-07 07:43:13,Southern District,LAA #2 Flow at Fairmont Res.,0.0
2026-10-07 07:43:13,Southern District,Bouquet Reservoir Inflow,0.0
2026-10-07 07:43:13,Southern District,Bouquet Reservoir Outflow,0.5
2026-10-07 07:43:13,Southern District,LAA #1 at Soledad Flow,0.0
2026-10-07 07:43:13,Southern District,LAA #2 at Soledad Flow,0.0
2026-10-07 07:43:14,Mono Basin,Mono Lk. Elevation,6381.7
2026-10-07 07:43:14,Mono Basin,Grant Lk. Elevation,7128.6
2026-10-07 07:43:14,Long Valley,Long Valley Elevation,6765.0
2026-10-07 07:43:14,Northern Owens Valley,Pleasant Valley Elevation,4384.6
2026-10-07 07:43:14,Southern Owens Valley,LAA at Alabama Level,6.1
2026-10-07 07:43:14,Southern Owens Valley,LAA at Alabama Water Temp,63.5
2026-10-07 07:43:14,Southern Owens Valley,LAA at Cottonwood Level,6.1
2026-10-07 07:43:14,Southern Owens Valley,LAA at Cotton. Water Temp,65.5
2026-10-07 07:43:14,Southern Owens Valley,N. Haiwee Elevation,3757.0
2026-10-07 07:43:14,Southern Owens Valley,S. Haiwee Reservoir Elevation,3722.6
2026-10-07 07:43:14,Southern District,S. Haiwee Reservoir Elevation,3722.6
2026-10-07 07:43:14,Southern District,Fairmont Reservoir Elevation,3015.4
2026-10-07 07:43:14,Southern District,Bouquet Reservoir Elevation,2978.2
2026-10-07 07:58:14,Northern Owens Valley,Tinemaha Elevation,3861.1
2026-10-07 07:58:14,Southern Owens Valley,Tinemaha Elevation,3861.1
2026-10-07 08:28:14,Northern Owens Valley,Tinemaha Elevation,3861.1
2026-10-07 08:28:14,Southern Owens Valley,Tinemaha Elevation,3861.1
2026-10-07 08:43:13,Mono Basin,Lee Vining Intake Above Flow,49.5
2026-10-07 08:43:13,Mono Basin,Lee Vining Intake Below Flow,16.4
2026-10-07 08:43:13,Mono Basin,Walker Ck. Above Conduit Flow,3.0
2026-10-07 08:43:13,Mono Basin,L.V. Conduit Below Intake Flow,31.5
2026-10-07 08:43:13,Mono Basin,Walker Ck. Under Conduit Flow,3.0
2026-10-07 08:43:13,Mono Basin,Parker Ck. Under Conduit Flow,5.0
2026-10-07 08:43:13,Mono Basin,Parker Ck. Above Conduit Flow,6.0
2026-10-07 08:43:13,Mono Basin,Grant Lk. Spill Flow,0.0
2026-10-07 08:43:13,Mono Basin,Mono Gate 1 Return Ditch Flow,26.6
2026-10-07 08:43:13,Mono Basin,Grant Lk. Outflow,36.5
2026-10-07 08:43:13,Mono Basin,Rush Ck. at Damsite Flow,55.3
2026-10-07 08:43:13,Mono Basin,Flow to West Portal,13.1
2026-10-07 08:43:13,Long Valley,East Portal Flow,26.0
2026-10-07 08:43:13,Long Valley,OR Below EP Flow,72.0
2026-10-07 08:43:13,Long Valley,Hot Ck.at Hwy. Flow,5.0
2026-10-07 08:43:13,Long Valley,McGee Ck. Lower Sta. Flow,7.9
2026-10-07 08:43:13,Long Valley,Long Valley Current Outflow,44.8
2026-10-07 08:43:13,Long Valley,Rock Ck. Div. Flow,0.0
2026-10-07 08:43:13,Long Valley,Upper Gorge Total Release,41.6
2026-10-07 08:43:13,Long Valley,Release at Middle Gorge,0.0
2026-10-07 08:43:13,Northern Owens Valley,Rock Ck. At Owens River (PV) Flow,30.2
2026-10-07 08:43:13,Northern Owens Valley,Pleasant Valley Outflow,268.1
2026-10-07 08:43:13,Northern Owens Valley,Baker Ck. At LA Station Flow,6.1
2026-10-07 08:43:13,Northern Owens Valley,Big Pine Ck. USGS Flow,23.5
2026-10-07 08:43:13,Northern Owens Valley,O.R. Below Big Pine,314.1
2026-10-07 08:43:13,Northern Owens Valley,Fish Springs At RR Flow,39.6
2026-10-07 08:43:13,Northern Owens Valley,Tinemaha Reservoir Outflow,275.3
2026-10-07 08:43:13,Northern Owens Valley,Bishop Creek Through Plant 6,49.3
2026-10-07 08:43:13,Northern Owens Valley,Bishop Creek Around Plant 6,7.1
2026-10-07 08:43:13,Southern Owens Valley,Tinemaha Reservoir Outflow,275.3
2026-10-07 08:43:13,Southern Owens Valley,Indep. Ck. At Junction Flow,2.7
2026-10-07 08:43:13,Southern Owens Valley,LAA at Alabama Flow,248.0
2026-10-07 08:43:13,Southern Owens Valley,Cottonwood Ck. At LAA Flow,0.0
2026-10-07 08:43:13,Southern Owens Valley,LAA at Cottonwood Flow,221.0
2026-10-07 08:43:13,Southern Owens Valley,Haiwee LAA #1 Current Flow,0.0
2026-10-07 08:43:13,Southern Owens Valley,Haiwee LAA #2 Current Flow,3.5
2026-10-07 08:43:13,Southern Owens Valley,Reinhackel Flow,2.8
2026-10-07 08:43:13,Southern Owens Valley,Lubkin Spillgate Outflow,47.4
2026-10-07 08:43:13,Southern Owens Valley,Cartago Spillgate Outflow,97.6
2026-10-07 08:43:13,Southern Owens Valley,Lone Pine Creek Flow,4.7
2026-10-07 08:43:13,Lower Owens River Project,LORP Intake Flow,80.0
2026-10-07 08:43:13,Lower Owens River Project,LORP at Mazourka Canyon Road,0.0
2026-10-07 08:43:13,Lower Owens River Project,LORP at Reinhackle Springs,62.0
2026-10-07 08:43:13,Lower Owens River Project,LORP Above Pumpstation,60.0
2026-10-07 08:43:13,Lower Owens River Project,LORP At Pump Station Discharge Flow,48.0
2026-10-07 08:43:13,Southern District,Haiwee LAA #2 Current Flow,3.5
2026-10-07 08:43:13,Southern District,Haiwee LAA #1 Current Flow,0.0
2026-10-07 08:43:13,Southern District,LAA #1 Flow at Fairmont Reservoir,5.5
2026-10-07 08:43:13,Southern District,LAA #2 Flow at Fairmont Res.,0.0
2026-10-07 08:43:13,Southern District,Bouquet Reservoir Inflow,0.0
2026-10-07 08:43:13,Southern District,Bouquet Reservoir Outflow,0.5
2026-10-07 08:43:13,Southern District,LAA #1 at Soledad Flow,0.0
2026-10-07 08:43:13,Southern District,LAA #2 at Soledad Flow,0.0
2026-10-07 08:43:14,Mono Basin,Mono Lk. Elevation,6381.7
2026-10-07 08:43:14,Mono Basin,Grant Lk. Elevation,7128.6
2026-10-07 08:43:14,Long Valley,Long Valley Elevation,6765.0
2026-10-07 08:43:14,Northern Owens Valley,Pleasant Valley Elevation,4384.4
2026-10-07 08:43:14,Southern Owens Valley,LAA at Alabama Level,6.1
2026-10-07 08:43:14,Southern Owens Valley,LAA at Alabama Water Temp,63.4
2026-10-07 08:43:14,Southern Owens Valley,LAA at Cottonwood Level,6.1
2026-10-07 08:43:14,Southern Owens Valley,LAA at Cotton. Water Temp,65.2
2026-10-07 08:43:14,Southern Owens Valley,N. Haiwee Elevation,3757.0
2026-10-07 08:43:14,Southern Owens Valley,S. Haiwee Reservoir Elevation,3722.6
2026-10-07 08:43:14,Southern District,S. Haiwee Reservoir Elevation,3722.6
2026-10-07 08:43:14,Southern District,Fairmont Reservoir Elevation,3015.4
2026-10-07 08:43:14,Southern District,Bouquet Reservoir Elevation,2978.2
2026-10-07 08:58:14,Northern Owens Valley,Tinemaha Elevation,3861.1
2026-10-07 08:58:14,Southern Owens Valley,Tinemaha Elevation,3861.1
2026-10-07 09:28:14,Northern Owens Valley,Tinemaha Elevation,3861.1
2026-10-07 09:28:14,Southern Owens Valley,Tinemaha Elevation,3861.1
2026-10-07 09:43:13,Mono Basin,Lee Vining Intake Above Flow,49.4
2026-10-07 09:43:13,Mono Basin,Lee Vining Intake Below Flow,16.2
2026-10-07 09:43:13,Mono Basin,Walker Ck. Above Conduit Flow,3.0
2026-10-07 09:43:13,Mono Basin,L.V. Conduit Below Intake Flow,31.7
2026-10-07 09:43:13,Mono Basin,Walker Ck. Under Conduit Flow,3.0
2026-10-07 09:43:13,Mono Basin,Parker Ck. Under Conduit Flow,5.0
2026-10-07 09:43:13,Mono Basin,Parker Ck. Above Conduit Flow,6.0
2026-10-07 09:43:13,Mono Basin,Grant Lk. Spill Flow,0.0
2026-10-07 09:43:13,Mono Basin,Mono Gate 1 Return Ditch Flow,26.5
2026-10-07 09:43:13,Mono Basin,Grant Lk. Outflow,36.7
2026-10-07 09:43:13,Mono Basin,Rush Ck. at Damsite Flow,55.3
2026-10-07 09:43:13,Mono Basin,Flow to West Portal,13.1
2026-10-07 09:43:13,Long Valley,East Portal Flow,25.0
2026-10-07 09:43:13,Long Valley,OR Below EP Flow,71.0
2026-10-07 09:43:13,Long Valley,Hot Ck.at Hwy. Flow,5.0
2026-10-07 09:43:13,Long Valley,McGee Ck. Lower Sta. Flow,7.9
2026-10-07 09:43:13,Long Valley,Long Valley Current Outflow,44.6
2026-10-07 09:43:13,Long Valley,Rock Ck. Div. Flow,0.0
2026-10-07 09:43:13,Long Valley,Upper Gorge Total Release,40.9
2026-10-07 09:43:13,Long Valley,Release at Middle Gorge,0.0
2026-10-07 09:43:13,Northern Owens Valley,Rock Ck. At Owens River (PV) Flow,30.2
2026-10-07 09:43:13,Northern Owens Valley,Pleasant Valley Outflow,267.8
2026-10-07 09:43:13,Northern Owens Valley,Baker Ck. At LA Station Flow,6.1
2026-10-07 09:43:13,Northern Owens Valley,Big Pine Ck. USGS Flow,23.5
2026-10-07 09:43:13,Northern Owens Valley,O.R. Below Big Pine,310.9
2026-10-07 09:43:13,Northern Owens Valley,Fish Springs At RR Flow,39.6
2026-10-07 09:43:13,Northern Owens Valley,Tinemaha Reservoir Outflow,275.3
2026-10-07 09:43:13,Northern Owens Valley,Bishop Creek Through Plant 6,49.3
2026-10-07 09:43:13,Northern Owens Valley,Bishop Creek Around Plant 6,7.1
2026-10-07 09:43:13,Southern Owens Valley,Tinemaha Reservoir Outflow,275.3
2026-10-07 09:43:13,Southern Owens Valley,Indep. Ck. At Junction Flow,2.7
2026-10-07 09:43:13,Southern Owens Valley,LAA at Alabama Flow,249.0
2026-10-07 09:43:13,Southern Owens Valley,Cottonwood Ck. At LAA Flow,0.0
2026-10-07 09:43:13,Southern Owens Valley,LAA at Cottonwood Flow,220.0
2026-10-07 09:43:13,Southern Owens Valley,Haiwee LAA #1 Current Flow,0.0
2026-10-07 09:43:13,Southern Owens Valley,Haiwee LAA #2 Current Flow,3.5
2026-10-07 09:43:13,Southern Owens Valley,Reinhackel Flow,2.8
2026-10-07 09:43:13,Southern Owens Valley,Lubkin Spillgate Outflow,32.4
2026-10-07 09:43:13,Southern Owens Valley,Cartago Spillgate Outflow,93.6
2026-10-07 09:43:13,Southern Owens Valley,Lone Pine Creek Flow,4.7
2026-10-07 09:43:13,Lower Owens River Project,LORP Intake Flow,80.0
2026-10-07 09:43:13,Lower Owens River Project,LORP at Mazourka Canyon Road,0.0
2026-10-07 09:43:13,Lower Owens River Project,LORP at Reinhackle Springs,63.0
2026-10-07 09:43:13,Lower Owens River Project,LORP Above Pumpstation,59.0
2026-10-07 09:43:13,Lower Owens River Project,LORP At Pump Station Discharge Flow,47.0
2026-10-07 09:43:13,Southern District,Haiwee LAA #2 Current Flow,3.5
2026-10-07 09:43:13,Southern District,Haiwee LAA #1 Current Flow,0.0
2026-10-07 09:43:13,Southern District,LAA #1 Flow at Fairmont Reservoir,6.1
2026-10-07 09:43:13,Southern District,LAA #2 Flow at Fairmont Res.,0.0
2026-10-07 09:43:13,Southern District,Bouquet Reservoir Inflow,0.0
2026-10-07 09:43:13,Southern District,Bouquet Reservoir Outflow,0.5
2026-10-07 09:43:13,Southern District,LAA #1 at Soledad Flow,0.0
2026-10-07 09:43:13,Southern District,LAA #2 at Soledad Flow,0.0
2026-10-07 09:43:14,Mono Basin,Mono Lk. Elevation,6381.7
2026-10-07 09:43:14,Mono Basin,Grant Lk. Elevation,7128.6
2026-10-07 09:43:14,Long Valley,Long Valley Elevation,6765.0
2026-10-07 09:43:14,Northern Owens Valley,Pleasant Valley Elevation,4384.2
2026-10-07 09:43:14,Southern Owens Valley,LAA at Alabama Level,6.1
2026-10-07 09:43:14,Southern Owens Valley,LAA at Alabama Water Temp,63.5
2026-10-07 09:43:14,Southern Owens Valley,LAA at Cottonwood Level,6.1
2026-10-07 09:43:14,Southern Owens Valley,LAA at Cotton. Water Temp,65.3
2026-10-07 09:43:14,Southern Owens Valley,N. Haiwee Elevation,3757.0
2026-10-07 09:43:14,Southern Owens Valley,S. Haiwee Reservoir Elevation,3722.6
2026-10-07 09:43:14,Southern District,S. Haiwee Reservoir Elevation,3722.6
2026-10-07 09:43:14,Southern District,Fairmont Reservoir Elevation,3015.4
2026-10-07 09:43:14,Southern District,Bouquet Reservoir Elevation,2978.2
2026-10-07 09:58:14,Northern Owens Valley,Tinemaha Elevation,3861.1
2026-10-07 09:58:14,Southern Owens Valley,Tinemaha Elevation,3861.1
2026-10-07 10:28:14,Northern Owens Valley,Tinemaha Elevation,3861.1
2026-10-07 10:28:14,Southern Owens Valley,Tinemaha Elevation,3861.1
2026-10-07 10:43:13,Mono Basin,Lee Vining Intake Above Flow,49.1
2026-10-07 10:43:13,Mono Basin,Lee Vining Intake Below Flow,16.4
2026-10-07 10:43:13,Mono Basin,Walker Ck. Above Conduit Flow,3.0
2026-10-07 10:43:13,Mono Basin,L.V. Conduit Below Intake Flow,31.9
2026-10-07 10:43:13,Mono Basin,Walker Ck. Under Conduit Flow,3.0
2026-10-07 10:43:13,Mono Basin,Parker Ck. Under Conduit Flow,5.0
2026-10-07 10:43:13,Mono Basin,Parker Ck. Above Conduit Flow,6.0
2026-10-07 10:43:13,Mono Basin,Grant Lk. Spill Flow,0.0
2026-10-07 10:43:13,Mono Basin,Mono Gate 1 Return Ditch Flow,26.6
2026-10-07 10:43:13,Mono Basin,Grant Lk. Outflow,36.1
2026-10-07 10:43:13,Mono Basin,Rush Ck. at Damsite Flow,55.3
2026-10-07 10:43:13,Mono Basin,Flow to West Portal,13.1
2026-10-07 10:43:13,Long Valley,East Portal Flow,25.0
2026-10-07 10:43:13,Long Valley,OR Below EP Flow,72.0
2026-10-07 10:43:13,Long Valley,Hot Ck.at Hwy. Flow,5.0
2026-10-07 10:43:13,Long Valley,McGee Ck. Lower Sta. Flow,7.9
2026-10-07 10:43:13,Long Valley,Long Valley Current Outflow,44.6
2026-10-07 10:43:13,Long Valley,Rock Ck. Div. Flow,0.0
2026-10-07 10:43:13,Long Valley,Upper Gorge Total Release,41.5
2026-10-07 10:43:13,Long Valley,Release at Middle Gorge,0.0
2026-10-07 10:43:13,Northern Owens Valley,Rock Ck. At Owens River (PV) Flow,30.2
2026-10-07 10:43:13,Northern Owens Valley,Pleasant Valley Outflow,269.1
2026-10-07 10:43:13,Northern Owens Valley,Baker Ck. At LA Station Flow,6.1
2026-10-07 10:43:13,Northern Owens Valley,Big Pine Ck. USGS Flow,23.5
2026-10-07 10:43:13,Northern Owens Valley,O.R. Below Big Pine,306.9
2026-10-07 10:43:13,Northern Owens Valley,Fish Springs At RR Flow,39.6
2026-10-07 10:43:13,Northern Owens Valley,Tinemaha Reservoir Outflow,275.3
2026-10-07 10:43:13,Northern Owens Valley,Bishop Creek Through Plant 6,49.3
2026-10-07 10:43:13,Northern Owens Valley,Bishop Creek Around Plant 6,7.1
2026-10-07 10:43:13,Southern Owens Valley,Tinemaha Reservoir Outflow,275.3
2026-10-07 10:43:13,Southern Owens Valley,Indep. Ck. At Junction Flow,2.7
2026-10-07 10:43:13,Southern Owens Valley,LAA at Alabama Flow,248.0
2026-10-07 10:43:13,Southern Owens Valley,Cottonwood Ck. At LAA Flow,0.0
2026-10-07 10:43:13,Southern Owens Valley,LAA at Cottonwood Flow,219.0
2026-10-07 10:43:13,Southern Owens Valley,Haiwee LAA #1 Current Flow,0.0
2026-10-07 10:43:13,Southern Owens Valley,Haiwee LAA #2 Current Flow,3.3
2026-10-07 10:43:13,Southern Owens Valley,Reinhackel Flow,2.8
2026-10-07 10:43:13,Southern Owens Valley,Lubkin Spillgate Outflow,37.5
2026-10-07 10:43:13,Southern Owens Valley,Cartago Spillgate Outflow,83.7
2026-10-07 10:43:13,Southern Owens Valley,Lone Pine Creek Flow,4.7
2026-10-07 10:43:13,Lower Owens River Project,LORP Intake Flow,80.0
2026-10-07 10:43:13,Lower Owens River Project,LORP at Mazourka Canyon Road,0.0
2026-10-07 10:43:13,Lower Owens River Project,LORP at Reinhackle Springs,61.0
2026-10-07 10:43:13,Lower Owens River Project,LORP Above Pumpstation,58.0
2026-10-07 10:43:13,Lower Owens River Project,LORP At Pump Station Discharge Flow,46.0
2026-10-07 10:43:13,Southern District,Haiwee LAA #2 Current Flow,3.3
2026-10-07 10:43:13,Southern District,Haiwee LAA #1 Current Flow,0.0
2026-10-07 10:43:13,Southern District,LAA #1 Flow at Fairmont Reservoir,5.9
2026-10-07 10:43:13,Southern District,LAA #2 Flow at Fairmont Res.,0.0
2026-10-07 10:43:13,Southern District,Bouquet Reservoir Inflow,0.0
2026-10-07 10:43:13,Southern District,Bouquet Reservoir Outflow,0.7
2026-10-07 10:43:13,Southern District,LAA #1 at Soledad Flow,2.5
2026-10-07 10:43:13,Southern District,LAA #2 at Soledad Flow,0.1
2026-10-07 10:43:14,Mono Basin,Mono Lk. Elevation,6381.7
2026-10-07 10:43:14,Mono Basin,Grant Lk. Elevation,7128.6
2026-10-07 10:43:14,Long Valley,Long Valley Elevation,6765.0
2026-10-07 10:43:14,Northern Owens Valley,Pleasant Valley Elevation,4384.1
2026-10-07 10:43:14,Southern Owens Valley,LAA at Alabama Level,6.1
2026-10-07 10:43:14,Southern Owens Valley,LAA at Alabama Water Temp,63.8
2026-10-07 10:43:14,Southern Owens Valley,LAA at Cottonwood Level,6.1
2026-10-07 10:43:14,Southern Owens Valley,LAA at Cotton. Water Temp,65.5
2026-10-07 10:43:14,Southern Owens Valley,N. Haiwee Elevation,3756.9
2026-10-07 10:43:14,Southern Owens Valley,S. Haiwee Reservoir Elevation,3722.7
2026-10-07 10:43:14,Southern District,S. Haiwee Reservoir Elevation,3722.7
2026-10-07 10:43:14,Southern District,Fairmont Reservoir Elevation,3015.4
2026-10-07 10:43:14,Southern District,Bouquet Reservoir Elevation,2978.2
2026-10-07 10:58:14,Northern Owens Valley,Tinemaha Elevation,3861.1
2026-10-07 10:58:14,Southern Owens Valley,Tinemaha Elevation,3861.1
2026-10-07 11:28:14,Northern Owens Valley,Tinemaha Elevation,3861.1
2026-10-07 11:28:14,Southern Owens Valley,Tinemaha Elevation,3861.1
2026-10-07 11:43:13,Mono Basin,Lee Vining Intake Above Flow,48.8
2026-10-07 11:43:13,Mono Basin,Lee Vining Intake Below Flow,16.4
2026-10-07 11:43:13,Mono Basin,Walker Ck. Above Conduit Flow,3.0
2026-10-07 11:43:13,Mono Basin,L.V. Conduit Below Intake Flow,32.4
2026-10-07 11:43:13,Mono Basin,Walker Ck. Under Conduit Flow,3.0
2026-10-07 11:43:13,Mono Basin,Parker Ck. Under Conduit Flow,5.0
2026-10-07 11:43:13,Mono Basin,Parker Ck. Above Conduit Flow,6.0
2026-10-07 11:43:13,Mono Basin,Grant Lk. Spill Flow,0.0
2026-10-07 11:43:13,Mono Basin,Mono Gate 1 Return Ditch Flow,26.5
2026-10-07 11:43:13,Mono Basin,Grant Lk. Outflow,36.3
2026-10-07 11:43:13,Mono Basin,Rush Ck. at Damsite Flow,46.4
2026-10-07 11:43:13,Mono Basin,Flow to West Portal,13.1
2026-10-07 11:43:13,Long Valley,East Portal Flow,25.0
2026-10-07 11:43:13,Long Valley,OR Below EP Flow,72.0
2026-10-07 11:43:13,Long Valley,Hot Ck.at Hwy. Flow,5.0
2026-10-07 11:43:13,Long Valley,McGee Ck. Lower Sta. Flow,7.9
2026-10-07 11:43:13,Long Valley,Long Valley Current Outflow,44.3
2026-10-07 11:43:13,Long Valley,Rock Ck. Div. Flow,0.0
2026-10-07 11:43:13,Long Valley,Upper Gorge Total Release,41.8
2026-10-07 11:43:13,Long Valley,Release at Middle Gorge,0.0
2026-10-07 11:43:13,Northern Owens Valley,Rock Ck. At Owens River (PV) Flow,30.2
2026-10-07 11:43:13,Northern Owens Valley,Pleasant Valley Outflow,269.2
2026-10-07 11:43:13,Northern Owens Valley,Baker Ck. At LA Station Flow,6.1
2026-10-07 11:43:13,Northern Owens Valley,Big Pine Ck. USGS Flow,23.5
2026-10-07 11:43:13,Northern Owens Valley,O.R. Below Big Pine,301.8
2026-10-07 11:43:13,Northern Owens Valley,Fish Springs At RR Flow,40.0
2026-10-07 11:43:13,Northern Owens Valley,Tinemaha Reservoir Outflow,275.3
2026-10-07 11:43:13,Northern Owens Valley,Bishop Creek Through Plant 6,49.3
2026-10-07 11:43:13,Northern Owens Valley,Bishop Creek Around Plant 6,7.1
2026-10-07 11:43:13,Southern Owens Valley,Tinemaha Reservoir Outflow,275.3
2026-10-07 11:43:13,Southern Owens Valley,Indep. Ck. At Junction Flow,2.7
2026-10-07 11:43:13,Southern Owens Valley,LAA at Alabama Flow,248.0
2026-10-07 11:43:13,Southern Owens Valley,Cottonwood Ck. At LAA Flow,0.0
2026-10-07 11:43:13,Southern Owens Valley,LAA at Cottonwood Flow,219.0
2026-10-07 11:43:13,Southern Owens Valley,Haiwee LAA #1 Current Flow,0.0
2026-10-07 11:43:13,Southern Owens Valley,Haiwee LAA #2 Current Flow,3.3
2026-10-07 11:43:13,Southern Owens Valley,Reinhackel Flow,2.8
2026-10-07 11:43:13,Southern Owens Valley,Lubkin Spillgate Outflow,53.3
2026-10-07 11:43:13,Southern Owens Valley,Cartago Spillgate Outflow,91.3
2026-10-07 11:43:13,Southern Owens Valley,Lone Pine Creek Flow,4.7
2026-10-07 11:43:13,Lower Owens River Project,LORP Intake Flow,71.0
2026-10-07 11:43:13,Lower Owens River Project,LORP at Mazourka Canyon Road,0.0
2026-10-07 11:43:13,Lower Owens River Project,LORP at Reinhackle Springs,62.0
2026-10-07 11:43:13,Lower Owens River Project,LORP Above Pumpstation,58.0
2026-10-07 11:43:13,Lower Owens River Project,LORP At Pump Station Discharge Flow,46.0
2026-10-07 11:43:13,Southern District,Haiwee LAA #2 Current Flow,3.3
2026-10-07 11:43:13,Southern District,Haiwee LAA #1 Current Flow,0.0
2026-10-07 11:43:13,Southern District,LAA #1 Flow at Fairmont Reservoir,6.4
2026-10-07 11:43:13,Southern District,LAA #2 Flow at Fairmont Res.,0.0
2026-10-07 11:43:13,Southern District,Bouquet Reservoir Inflow,0.0
2026-10-07 11:43:13,Southern District,Bouquet Reservoir Outflow,0.7
2026-10-07 11:43:13,Southern District,LAA #1 at Soledad Flow,2.5
2026-10-07 11:43:13,Southern District,LAA #2 at Soledad Flow,0.1
2026-10-07 11:43:14,Mono Basin,Mono Lk. Elevation,6381.7
2026-10-07 11:43:14,Mono Basin,Grant Lk. Elevation,7128.6
2026-10-07 11:43:14,Long Valley,Long Valley Elevation,6765.0
2026-10-07 11:43:14,Northern Owens Valley,Pleasant Valley Elevation,4383.9
2026-10-07 11:43:14,Southern Owens Valley,LAA at Alabama Level,6.1
2026-10-07 11:43:14,Southern Owens Valley,LAA at Alabama Water Temp,64.5
2026-10-07 11:43:14,Southern Owens Valley,LAA at Cottonwood Level,6.1
2026-10-07 11:43:14,Southern Owens Valley,LAA at Cotton. Water Temp,66.0
2026-10-07 11:43:14,Southern Owens Valley,N. Haiwee Elevation,3756.9
2026-10-07 11:43:14,Southern Owens Valley,S. Haiwee Reservoir Elevation,3722.7
2026-10-07 11:43:14,Southern District,S. Haiwee Reservoir Elevation,3722.7
2026-10-07 11:43:14,Southern District,Fairmont Reservoir Elevation,3015.4
2026-10-07 11:43:14,Southern District,Bouquet Reservoir Elevation,2978.2
2026-10-07 11:58:14,Northern Owens Valley,Tinemaha Elevation,3861.1
2026-10-07 11:58:14,Southern Owens Valley,Tinemaha Elevation,3861.1
2026-10-07 12:13:13,Mono Basin,Lee Vining Intake Above Flow,48.8
2026-10-07 12:13:13,Mono Basin,Lee Vining Intake Below Flow,16.5
2026-10-07 12:13:13,Mono Basin,Walker Ck. Above Conduit Flow,3.0
2026-10-07 12:13:13,Mono Basin,L.V. Conduit Below Intake Flow,31.1
2026-10-07 12:13:13,Mono Basin,Walker Ck. Under Conduit Flow,3.0
2026-10-07 12:13:13,Mono Basin,Parker Ck. Under Conduit Flow,5.0
2026-10-07 12:13:13,Mono Basin,Parker Ck. Above Conduit Flow,6.0
2026-10-07 12:13:13,Mono Basin,Grant Lk. Spill Flow,0.0
2026-10-07 12:13:13,Mono Basin,Mono Gate 1 Return Ditch Flow,26.5
2026-10-07 12:13:13,Mono Basin,Grant Lk. Outflow,36.3
2026-10-07 12:13:13,Mono Basin,Rush Ck. at Damsite Flow,46.4
2026-10-07 12:13:13,Mono Basin,Flow to West Portal,13.1
2026-10-07 12:13:13,Long Valley,East Portal Flow,25.0
2026-10-07 12:13:13,Long Valley,OR Below EP Flow,72.0
2026-10-07 12:13:13,Long Valley,Hot Ck.at Hwy. Flow,5.0
2026-10-07 12:13:13,Long Valley,McGee Ck. Lower Sta. Flow,7.9
2026-10-07 12:13:13,Long Valley,Long Valley Current Outflow,44.3
2026-10-07 12:13:13,Long Valley,Rock Ck. Div. Flow,0.0
2026-10-07 12:13:13,Long Valley,Upper Gorge Total Release,42.0
2026-10-07 12:13:13,Long Valley,Release at Middle Gorge,0.0
2026-10-07 12:13:13,Northern Owens Valley,Rock Ck. At Owens River (PV) Flow,30.2
2026-10-07 12:13:13,Northern Owens Valley,Pleasant Valley Outflow,269.2
2026-10-07 12:13:13,Northern Owens Valley,Baker Ck. At LA Station Flow,6.1
2026-10-07 12:13:13,Northern Owens Valley,Big Pine Ck. USGS Flow,23.5
2026-10-07 12:13:13,Northern Owens Valley,O.R. Below Big Pine,299.1
2026-10-07 12:13:13,Northern Owens Valley,Fish Springs At RR Flow,40.0
2026-10-07 12:13:13,Northern Owens Valley,Tinemaha Reservoir Outflow,275.3
2026-10-07 12:13:13,Northern Owens Valley,Bishop Creek Through Plant 6,49.3
2026-10-07 12:13:13,Northern Owens Valley,Bishop Creek Around Plant 6,7.1
2026-10-07 12:13:13,Southern Owens Valley,Tinemaha Reservoir Outflow,275.3
2026-10-07 12:13:13,Southern Owens Valley,Indep. Ck. At Junction Flow,2.7
2026-10-07 12:13:13,Southern Owens Valley,LAA at Alabama Flow,248.0
2026-10-07 12:13:13,Southern Owens Valley,Cottonwood Ck. At LAA Flow,0.0
2026-10-07 12:13:13,Southern Owens Valley,LAA at Cottonwood Flow,220.0
2026-10-07 12:13:13,Southern Owens Valley,Haiwee LAA #1 Current Flow,0.0
2026-10-07 12:13:13,Southern Owens Valley,Haiwee LAA #2 Current Flow,3.3
2026-10-07 12:13:13,Southern Owens Valley,Reinhackel Flow,2.8
2026-10-07 12:13:13,Southern Owens Valley,Lubkin Spillgate Outflow,27.0
2026-10-07 12:13:13,Southern Owens Valley,Cartago Spillgate Outflow,74.4
2026-10-07 12:13:13,Southern Owens Valley,Lone Pine Creek Flow,4.7
2026-10-07 12:13:13,Lower Owens River Project,LORP Intake Flow,71.0
2026-10-07 12:13:13,Lower Owens River Project,LORP at Mazourka Canyon Road,0.0
2026-10-07 12:13:13,Lower Owens River Project,LORP at Reinhackle Springs,62.0
2026-10-07 12:13:13,Lower Owens River Project,LORP Above Pumpstation,58.0
2026-10-07 12:13:13,Lower Owens River Project,LORP At Pump Station Discharge Flow,46.0
2026-10-07 12:13:13,Southern District,Haiwee LAA #2 Current Flow,3.3
2026-10-07 12:13:13,Southern District,Haiwee LAA #1 Current Flow,0.0
2026-10-07 12:13:13,Southern District,LAA #1 Flow at Fairmont Reservoir,5.7
2026-10-07 12:13:13,Southern District,LAA #2 Flow at Fairmont Res.,0.0
2026-10-07 12:13:13,Southern District,Bouquet Reservoir Inflow,0.0
2026-10-07 12:13:13,Southern District,Bouquet Reservoir Outflow,0.7
2026-10-07 12:13:13,Southern District,LAA #1 at Soledad Flow,2.5
2026-10-07 12:13:13,Southern District,LAA #2 at Soledad Flow,0.1
2026-10-07 12:13:14,Mono Basin,Mono Lk. Elevation,6381.7
2026-10-07 12:13:14,Mono Basin,Grant Lk. Elevation,7128.6
2026-10-07 12:13:14,Long Valley,Long Valley Elevation,6765.0
2026-10-07 12:13:14,Northern Owens Valley,Pleasant Valley Elevation,4383.8
2026-10-07 12:13:14,Southern Owens Valley,LAA at Alabama Level,6.1
2026-10-07 12:13:14,Southern Owens Valley,LAA at Alabama Water Temp,65.2
2026-10-07 12:13:14,Southern Owens Valley,LAA at Cottonwood Level,6.1
2026-10-07 12:13:14,Southern Owens Valley,LAA at Cotton. Water Temp,66.3
2026-10-07 12:13:14,Southern Owens Valley,N. Haiwee Elevation,3756.9
2026-10-07 12:13:14,Southern Owens Valley,S. Haiwee Reservoir Elevation,3722.7
2026-10-07 12:13:14,Southern District,S. Haiwee Reservoir Elevation,3722.7
2026-10-07 12:13:14,Southern District,Fairmont Reservoir Elevation,3015.4
2026-10-07 12:13:14,Southern District,Bouquet Reservoir Elevation,2978.2
2026-10-07 12:28:13,Mono Basin,Lee Vining Intake Above Flow,48.8
2026-10-07 12:28:13,Mono Basin,Lee Vining Intake Below Flow,16.5
2026-10-07 12:28:13,Mono Basin,Walker Ck. Above Conduit Flow,3.0
2026-10-07 12:28:13,Mono Basin,L.V. Conduit Below Intake Flow,31.1
2026-10-07 12:28:13,Mono Basin,Walker Ck. Under Conduit Flow,3.0
2026-10-07 12:28:13,Mono Basin,Parker Ck. Under Conduit Flow,5.0
2026-10-07 12:28:13,Mono Basin,Parker Ck. Above Conduit Flow,6.0
2026-10-07 12:28:13,Mono Basin,Grant Lk. Spill Flow,0.0
2026-10-07 12:28:13,Mono Basin,Mono Gate 1 Return Ditch Flow,26.4
2026-10-07 12:28:13,Mono Basin,Grant Lk. Outflow,36.3
2026-10-07 12:28:13,Mono Basin,Rush Ck. at Damsite Flow,46.4
2026-10-07 12:28:13,Mono Basin,Flow to West Portal,13.1
2026-10-07 12:28:13,Long Valley,East Portal Flow,25.0
2026-10-07 12:28:13,Long Valley,OR Below EP Flow,72.0
2026-10-07 12:28:13,Long Valley,Hot Ck.at Hwy. Flow,5.0
2026-10-07 12:28:13,Long Valley,McGee Ck. Lower Sta. Flow,7.9
2026-10-07 12:28:13,Long Valley,Long Valley Current Outflow,44.3
2026-10-07 12:28:13,Long Valley,Rock Ck. Div. Flow,0.0
2026-10-07 12:28:13,Long Valley,Upper Gorge Total Release,41.7
2026-10-07 12:28:13,Long Valley,Release at Middle Gorge,0.0
2026-10-07 12:28:13,Northern Owens Valley,Rock Ck. At Owens River (PV) Flow,30.4
2026-10-07 12:28:13,Northern Owens Valley,Pleasant Valley Outflow,269.5
2026-10-07 12:28:13,Northern Owens Valley,Baker Ck. At LA Station Flow,6.1
2026-10-07 12:28:13,Northern Owens Valley,Big Pine Ck. USGS Flow,23.5
2026-10-07 12:28:13,Northern Owens Valley,O.R. Below Big Pine,298.1
2026-10-07 12:28:13,Northern Owens Valley,Fish Springs At RR Flow,40.0
2026-10-07 12:28:13,Northern Owens Valley,Tinemaha Reservoir Outflow,275.3
2026-10-07 12:28:13,Northern Owens Valley,Bishop Creek Through Plant 6,49.3
2026-10-07 12:28:13,Northern Owens Valley,Bishop Creek Around Plant 6,7.1
2026-10-07 12:28:13,Southern Owens Valley,Tinemaha Reservoir Outflow,275.3
2026-10-07 12:28:13,Southern Owens Valley,Indep. Ck. At Junction Flow,2.7
2026-10-07 12:28:13,Southern Owens Valley,LAA at Alabama Flow,247.0
2026-10-07 12:28:13,Southern Owens Valley,Cottonwood Ck. At LAA Flow,0.0
2026-10-07 12:28:13,Southern Owens Valley,LAA at Cottonwood Flow,220.0
2026-10-07 12:28:13,Southern Owens Valley,Haiwee LAA #1 Current Flow,0.0
2026-10-07 12:28:13,Southern Owens Valley,Haiwee LAA #2 Current Flow,3.3
2026-10-07 12:28:13,Southern Owens Valley,Reinhackel Flow,2.8
2026-10-07 12:28:13,Southern Owens Valley,Lubkin Spillgate Outflow,24.8
2026-10-07 12:28:13,Southern Owens Valley,Cartago Spillgate Outflow,80.4
2026-10-07 12:28:13,Southern Owens Valley,Lone Pine Creek Flow,4.7
2026-10-07 12:28:13,Lower Owens River Project,LORP Intake Flow,71.0
2026-10-07 12:28:13,Lower Owens River Project,LORP at Mazourka Canyon Road,0.0
2026-10-07 12:28:13,Lower Owens River Project,LORP at Reinhackle Springs,66.0
2026-10-07 12:28:13,Lower Owens River Project,LORP Above Pumpstation,60.0
2026-10-07 12:28:13,Lower Owens River Project,LORP At Pump Station Discharge Flow,48.0
2026-10-07 12:28:13,Southern District,Haiwee LAA #2 Current Flow,3.3
2026-10-07 12:28:13,Southern District,Haiwee LAA #1 Current Flow,0.0
2026-10-07 12:28:13,Southern District,LAA #1 Flow at Fairmont Reservoir,5.7
2026-10-07 12:28:13,Southern District,LAA #2 Flow at Fairmont Res.,0.0
2026-10-07 12:28:13,Southern District,Bouquet Reservoir Inflow,0.0
2026-10-07 12:28:13,Southern District,Bouquet Reservoir Outflow,0.7
2026-10-07 12:28:13,Southern District,LAA #1 at Soledad Flow,2.5
2026-10-07 12:28:13,Southern District,LAA #2 at Soledad Flow,0.1
2026-10-07 12:28:14,Northern Owens Valley,Tinemaha Elevation,3861.1
2026-10-07 12:28:14,Southern Owens Valley,Tinemaha Elevation,3861.1
2026-10-07 12:28:14,Mono Basin,Mono Lk. Elevation,6381.7
2026-10-07 12:28:14,Mono Basin,Grant Lk. Elevation,7128.6
2026-10-07 12:28:14,Long Valley,Long Valley Elevation,6765.0
2026-10-07 12:28:14,Northern Owens Valley,Pleasant Valley Elevation,4383.8
2026-10-07 12:28:14,Southern Owens Valley,LAA at Alabama Level,6.1
2026-10-07 12:28:14,Southern Owens Valley,LAA at Alabama Water Temp,65.3
2026-10-07 12:28:14,Southern Owens Valley,LAA at Cottonwood Level,6.1
2026-10-07 12:28:14,Southern Owens Valley,LAA at Cotton. Water Temp,66.4
2026-10-07 12:28:14,Southern Owens Valley,N. Haiwee Elevation,3756.9
2026-10-07 12:28:14,Southern Owens Valley,S. Haiwee Reservoir Elevation,3722.7
2026-10-07 12:28:14,Southern District,S. Haiwee Reservoir Elevation,3722.7
2026-10-07 12:28:14,Southern District,Fairmont Reservoir Elevation,3015.4
2026-10-07 12:28:14,Southern District,Bouquet Reservoir Elevation,2978.2
2026-10-07 12:43:13,Mono Basin,Lee Vining Intake Above Flow,48.8
2026-10-07 12:43:13,Mono Basin,Lee Vining Intake Below Flow,16.5
2026-10-07 12:43:13,Mono Basin,Walker Ck. Above Conduit Flow,3.0
2026-10-07 12:43:13,Mono Basin,L.V. Conduit Below Intake Flow,31.1
2026-10-07 12:43:13,Mono Basin,Walker Ck. Under Conduit Flow,3.0
2026-10-07 12:43:13,Mono Basin,Parker Ck. Under Conduit Flow,5.0
2026-10-07 12:43:13,Mono Basin,Parker Ck. Above Conduit Flow,6.0
2026-10-07 12:43:13,Mono Basin,Grant Lk. Spill Flow,0.0
2026-10-07 12:43:13,Mono Basin,Mono Gate 1 Return Ditch Flow,26.4
2026-10-07 12:43:13,Mono Basin,Grant Lk. Outflow,36.3
2026-10-07 12:43:13,Mono Basin,Rush Ck. at Damsite Flow,46.4
2026-10-07 12:43:13,Mono Basin,Flow to West Portal,13.1
2026-10-07 12:43:13,Long Valley,East Portal Flow,25.0
2026-10-07 12:43:13,Long Valley,OR Below EP Flow,72.0
2026-10-07 12:43:13,Long Valley,Hot Ck.at Hwy. Flow,5.0
2026-10-07 12:43:13,Long Valley,McGee Ck. Lower Sta. Flow,7.9
2026-10-07 12:43:13,Long Valley,Long Valley Current Outflow,44.3
2026-10-07 12:43:13,Long Valley,Rock Ck. Div. Flow,0.0
2026-10-07 12:43:13,Long Valley,Upper Gorge Total Release,41.3
2026-10-07 12:43:13,Long Valley,Release at Middle Gorge,0.0
2026-10-07 12:43:13,Northern Owens Valley,Rock Ck. At Owens River (PV) Flow,30.6
2026-10-07 12:43:13,Northern Owens Valley,Pleasant Valley Outflow,269.3
2026-10-07 12:43:13,Northern Owens Valley,Baker Ck. At LA Station Flow,6.1
2026-10-07 12:43:13,Northern Owens Valley,Big Pine Ck. USGS Flow,23.5
2026-10-07 12:43:13,Northern Owens Valley,O.R. Below Big Pine,297.2
2026-10-07 12:43:13,Northern Owens Valley,Fish Springs At RR Flow,40.1
2026-10-07 12:43:13,Northern Owens Valley,Tinemaha Reservoir Outflow,275.3
2026-10-07 12:43:13,Northern Owens Valley,Bishop Creek Through Plant 6,50.7
2026-10-07 12:43:13,Northern Owens Valley,Bishop Creek Around Plant 6,6.4
2026-10-07 12:43:13,Southern Owens Valley,Tinemaha Reservoir Outflow,275.3
2026-10-07 12:43:13,Southern Owens Valley,Indep. Ck. At Junction Flow,2.5
2026-10-07 12:43:13,Southern Owens Valley,LAA at Alabama Flow,247.0
2026-10-07 12:43:13,Southern Owens Valley,Cottonwood Ck. At LAA Flow,0.0
2026-10-07 12:43:13,Southern Owens Valley,LAA at Cottonwood Flow,221.0
2026-10-07 12:43:13,Southern Owens Valley,Haiwee LAA #1 Current Flow,0.0
2026-10-07 12:43:13,Southern Owens Valley,Haiwee LAA #2 Current Flow,3.3
2026-10-07 12:43:13,Southern Owens Valley,Reinhackel Flow,2.8
2026-10-07 12:43:13,Southern Owens Valley,Lubkin Spillgate Outflow,36.0
2026-10-07 12:43:13,Southern Owens Valley,Cartago Spillgate Outflow,86.1
2026-10-07 12:43:13,Southern Owens Valley,Lone Pine Creek Flow,4.6
2026-10-07 12:43:13,Lower Owens River Project,LORP Intake Flow,71.0
2026-10-07 12:43:13,Lower Owens River Project,LORP at Mazourka Canyon Road,0.0
2026-10-07 12:43:13,Lower Owens River Project,LORP at Reinhackle Springs,66.0
2026-10-07 12:43:13,Lower Owens River Project,LORP Above Pumpstation,58.0
2026-10-07 12:43:13,Lower Owens River Project,LORP At Pump Station Discharge Flow,46.0
2026-10-07 12:43:13,Southern District,Haiwee LAA #2 Current Flow,3.3
2026-10-07 12:43:13,Southern District,Haiwee LAA #1 Current Flow,0.0
2026-10-07 12:43:13,Southern District,LAA #1 Flow at Fairmont Reservoir,4.9
2026-10-07 12:43:13,Southern District,LAA #2 Flow at Fairmont Res.,0.0
2026-10-07 12:43:13,Southern District,Bouquet Reservoir Inflow,0.0
2026-10-07 12:43:13,Southern District,Bouquet Reservoir Outflow,0.7
2026-10-07 12:43:13,Southern District,LAA #1 at Soledad Flow,2.5
2026-10-07 12:43:13,Southern District,LAA #2 at Soledad Flow,0.1
2026-10-07 12:43:14,Mono Basin,Mono Lk. Elevation,6381.7
2026-10-07 12:43:14,Mono Basin,Grant Lk. Elevation,7128.6
2026-10-07 12:43:14,Long Valley,Long Valley Elevation,6765.0
2026-10-07 12:43:14,Northern Owens Valley,Pleasant Valley Elevation,4383.7
2026-10-07 12:43:14,Southern Owens Valley,LAA at Alabama Level,6.1
2026-10-07 12:43:14,Southern Owens Valley,LAA at Alabama Water Temp,65.8
2026-10-07 12:43:14,Southern Owens Valley,LAA at Cottonwood Level,6.1
2026-10-07 12:43:14,Southern Owens Valley,LAA at Cotton. Water Temp,66.6
2026-10-07 12:43:14,Southern Owens Valley,N. Haiwee Elevation,3756.9
2026-10-07 12:43:14,Southern Owens Valley,S. Haiwee Reservoir Elevation,3722.7
2026-10-07 12:43:14,Southern District,S. Haiwee Reservoir Elevation,3722.7
2026-10-07 12:43:14,Southern District,Fairmont Reservoir Elevation,3015.4
2026-10-07 12:43:14,Southern District,Bouquet Reservoir Elevation,2978.2
2026-10-07 12:58:13,Mono Basin,Lee Vining Intake Above Flow,50.1
2026-10-07 12:58:13,Mono Basin,Lee Vining Intake Below Flow,16.4
2026-10-07 12:58:13,Mono Basin,Walker Ck. Above Conduit Flow,3.0
2026-10-07 12:58:13,Mono Basin,L.V. Conduit Below Intake Flow,32.4
2026-10-07 12:58:13,Mono Basin,Walker Ck. Under Conduit Flow,3.0
2026-10-07 12:58:13,Mono Basin,Parker Ck. Under Conduit Flow,5.0
2026-10-07 12:58:13,Mono Basin,Parker Ck. Above Conduit Flow,6.0
2026-10-07 12:58:13,Mono Basin,Grant Lk. Spill Flow,0.0
2026-10-07 12:58:13,Mono Basin,Mono Gate 1 Return Ditch Flow,26.4
2026-10-07 12:58:13,Mono Basin,Grant Lk. Outflow,36.3
2026-10-07 12:58:13,Mono Basin,Rush Ck. at Damsite Flow,46.4
2026-10-07 12:58:13,Mono Basin,Flow to West Portal,13.1
2026-10-07 12:58:13,Long Valley,East Portal Flow,25.0
2026-10-07 12:58:13,Long Valley,OR Below EP Flow,72.0
2026-10-07 12:58:13,Long Valley,Hot Ck.at Hwy. Flow,5.0
2026-10-07 12:58:13,Long Valley,McGee Ck. Lower Sta. Flow,7.9
2026-10-07 12:58:13,Long Valley,Long Valley Current Outflow,44.3
2026-10-07 12:58:13,Long Valley,Rock Ck. Div. Flow,0.0
2026-10-07 12:58:13,Long Valley,Upper Gorge Total Release,41.5
2026-10-07 12:58:13,Long Valley,Release at Middle Gorge,0.0
2026-10-07 12:58:13,Northern Owens Valley,Rock Ck. At Owens River (PV) Flow,30.9
2026-10-07 12:58:13,Northern Owens Valley,Pleasant Valley Outflow,269.3
2026-10-07 12:58:13,Northern Owens Valley,Baker Ck. At LA Station Flow,6.1
2026-10-07 12:58:13,Northern Owens Valley,Big Pine Ck. USGS Flow,23.5
2026-10-07 12:58:13,Northern Owens Valley,O.R. Below Big Pine,296.0
2026-10-07 12:58:13,Northern Owens Valley,Fish Springs At RR Flow,40.1
2026-10-07 12:58:13,Northern Owens Valley,Tinemaha Reservoir Outflow,275.3
2026-10-07 12:58:13,Northern Owens Valley,Bishop Creek Through Plant 6,50.7
2026-10-07 12:58:13,Northern Owens Valley,Bishop Creek Around Plant 6,6.4
2026-10-07 12:58:13,Southern Owens Valley,Tinemaha Reservoir Outflow,275.3
2026-10-07 12:58:13,Southern Owens Valley,Indep. Ck. At Junction Flow,2.5
2026-10-07 12:58:13,Southern Owens Valley,LAA at Alabama Flow,247.0
2026-10-07 12:58:13,Southern Owens Valley,Cottonwood Ck. At LAA Flow,0.0
2026-10-07 12:58:13,Southern Owens Valley,LAA at Cottonwood Flow,221.0
2026-10-07 12:58:13,Southern Owens Valley,Haiwee LAA #1 Current Flow,0.0
2026-10-07 12:58:13,Southern Owens Valley,Haiwee LAA #2 Current Flow,3.3
2026-10-07 12:58:13,Southern Owens Valley,Reinhackel Flow,2.8
2026-10-07 12:58:13,Southern Owens Valley,Lubkin Spillgate Outflow,26.8
2026-10-07 12:58:13,Southern Owens Valley,Cartago Spillgate Outflow,89.1
2026-10-07 12:58:13,Southern Owens Valley,Lone Pine Creek Flow,4.6
2026-10-07 12:58:13,Lower Owens River Project,LORP Intake Flow,71.0
2026-10-07 12:58:13,Lower Owens River Project,LORP at Mazourka Canyon Road,0.0
2026-10-07 12:58:13,Lower Owens River Project,LORP at Reinhackle Springs,66.0
2026-10-07 12:58:13,Lower Owens River Project,LORP Above Pumpstation,57.0
2026-10-07 12:58:13,Lower Owens River Project,LORP At Pump Station Discharge Flow,45.0
2026-10-07 12:58:13,Southern District,Haiwee LAA #2 Current Flow,3.3
2026-10-07 12:58:13,Southern District,Haiwee LAA #1 Current Flow,0.0
2026-10-07 12:58:13,Southern District,LAA #1 Flow at Fairmont Reservoir,5.9
2026-10-07 12:58:13,Southern District,LAA #2 Flow at Fairmont Res.,0.0
2026-10-07 12:58:13,Southern District,Bouquet Reservoir Inflow,0.0
2026-10-07 12:58:13,Southern District,Bouquet Reservoir Outflow,0.7
2026-10-07 12:58:13,Southern District,LAA #1 at Soledad Flow,2.5
2026-10-07 12:58:13,Southern District,LAA #2 at Soledad Flow,0.1
2026-10-07 12:58:14,Northern Owens Valley,Tinemaha Elevation,3861.1
2026-10-07 12:58:14,Southern Owens Valley,Tinemaha Elevation,3861.1
2026-10-07 12:58:14,Mono Basin,Mono Lk. Elevation,6381.7
2026-10-07 12:58:14,Mono Basin,Grant Lk. Elevation,7128.6
2026-10-07 12:58:14,Long Valley,Long Valley Elevation,6765.0
2026-10-07 12:58:14,Northern Owens Valley,Pleasant Valley Elevation,4383.7
2026-10-07 12:58:14,Southern Owens Valley,LAA at Alabama Level,6.1
2026-10-07 12:58:14,Southern Owens Valley,LAA at Alabama Water Temp,65.8
2026-10-07 12:58:14,Southern Owens Valley,LAA at Cottonwood Level,6.1
2026-10-07 12:58:14,Southern Owens Valley,LAA at Cotton. Water Temp,66.8
2026-10-07 12:58:14,Southern Owens Valley,N. Haiwee Elevation,3756.9
2026-10-07 12:58:14,Southern Owens Valley,S. Haiwee Reservoir Elevation,3722.7
2026-10-07 12:58:14,Southern District,S. Haiwee Reservoir Elevation,3722.7
2026-10-07 12:58:14,Southern District,Fairmont Reservoir Elevation,3015.4
2026-10-07 12:58:14,Southern District,Bouquet Reservoir Elevation,2978.2
2026-10-07 13:13:13,Mono Basin,Lee Vining Intake Above Flow,50.1
2026-10-07 13:13:13,Mono Basin,Lee Vining Intake Below Flow,16.4
2026-10-07 13:13:13,Mono Basin,Walker Ck. Above Conduit Flow,3.0
2026-10-07 13:13:13,Mono Basin,L.V. Conduit Below Intake Flow,32.4
2026-10-07 13:13:13,Mono Basin,Walker Ck. Under Conduit Flow,3.0
2026-10-07 13:13:13,Mono Basin,Parker Ck. Under Conduit Flow,5.0
2026-10-07 13:13:13,Mono Basin,Parker Ck. Above Conduit Flow,6.0
2026-10-07 13:13:13,Mono Basin,Grant Lk. Spill Flow,0.0
2026-10-07 13:13:13,Mono Basin,Mono Gate 1 Return Ditch Flow,26.4
2026-10-07 13:13:13,Mono Basin,Grant Lk. Outflow,36.3
2026-10-07 13:13:13,Mono Basin,Rush Ck. at Damsite Flow,46.4
2026-10-07 13:13:13,Mono Basin,Flow to West Portal,13.1
2026-10-07 13:13:13,Long Valley,East Portal Flow,26.0
2026-10-07 13:13:13,Long Valley,OR Below EP Flow,72.0
2026-10-07 13:13:13,Long Valley,Hot Ck.at Hwy. Flow,5.0
2026-10-07 13:13:13,Long Valley,McGee Ck. Lower Sta. Flow,7.9
2026-10-07 13:13:13,Long Valley,Long Valley Current Outflow,44.3
2026-10-07 13:13:13,Long Valley,Rock Ck. Div. Flow,0.0
2026-10-07 13:13:13,Long Valley,Upper Gorge Total Release,41.7
2026-10-07 13:13:13,Long Valley,Release at Middle Gorge,0.0
2026-10-07 13:13:13,Northern Owens Valley,Rock Ck. At Owens River (PV) Flow,31.0
2026-10-07 13:13:13,Northern Owens Valley,Pleasant Valley Outflow,269.4
2026-10-07 13:13:13,Northern Owens Valley,Baker Ck. At LA Station Flow,6.1
2026-10-07 13:13:13,Northern Owens Valley,Big Pine Ck. USGS Flow,23.5
2026-10-07 13:13:13,Northern Owens Valley,O.R. Below Big Pine,294.5
2026-10-07 13:13:13,Northern Owens Valley,Fish Springs At RR Flow,40.1
2026-10-07 13:13:13,Northern Owens Valley,Tinemaha Reservoir Outflow,275.3
2026-10-07 13:13:13,Northern Owens Valley,Bishop Creek Through Plant 6,50.7
2026-10-07 13:13:13,Northern Owens Valley,Bishop Creek Around Plant 6,6.4
2026-10-07 13:13:13,Southern Owens Valley,Tinemaha Reservoir Outflow,275.3
2026-10-07 13:13:13,Southern Owens Valley,Indep. Ck. At Junction Flow,2.5
2026-10-07 13:13:13,Southern Owens Valley,LAA at Alabama Flow,247.0
2026-10-07 13:13:13,Southern Owens Valley,Cottonwood Ck. At LAA Flow,0.0
2026-10-07 13:13:13,Southern Owens Valley,LAA at Cottonwood Flow,221.0
2026-10-07 13:13:13,Southern Owens Valley,Haiwee LAA #1 Current Flow,0.0
2026-10-07 13:13:13,Southern Owens Valley,Haiwee LAA #2 Current Flow,3.3
2026-10-07 13:13:13,Southern Owens Valley,Reinhackel Flow,2.8
2026-10-07 13:13:13,Southern Owens Valley,Lubkin Spillgate Outflow,26.8
2026-10-07 13:13:13,Southern Owens Valley,Cartago Spillgate Outflow,83.2
2026-10-07 13:13:13,Southern Owens Valley,Lone Pine Creek Flow,4.6
2026-10-07 13:13:13,Lower Owens River Project,LORP Intake Flow,71.0
2026-10-07 13:13:13,Lower Owens River Project,LORP at Mazourka Canyon Road,0.0
2026-10-07 13:13:13,Lower Owens River Project,LORP at Reinhackle Springs,66.0
2026-10-07 13:13:13,Lower Owens River Project,LORP Above Pumpstation,60.0
2026-10-07 13:13:13,Lower Owens River Project,LORP At Pump Station Discharge Flow,48.0
2026-10-07 13:13:13,Southern District,Haiwee LAA #2 Current Flow,3.3
2026-10-07 13:13:13,Southern District,Haiwee LAA #1 Current Flow,0.0
2026-10-07 13:13:13,Southern District,LAA #1 Flow at Fairmont Reservoir,5.3
2026-10-07 13:13:13,Southern District,LAA #2 Flow at Fairmont Res.,0.0
2026-10-07 13:13:13,Southern District,Bouquet Reservoir Inflow,0.0
2026-10-07 13:13:13,Southern District,Bouquet Reservoir Outflow,0.7
2026-10-07 13:13:13,Southern District,LAA #1 at Soledad Flow,2.5
2026-10-07 13:13:13,Southern District,LAA #2 at Soledad Flow,0.1
2026-10-07 13:13:14,Mono Basin,Mono Lk. Elevation,6381.7
2026-10-07 13:13:14,Mono Basin,Grant Lk. Elevation,7128.6
2026-10-07 13:13:14,Long Valley,Long Valley Elevation,6765.0
2026-10-07 13:13:14,Northern Owens Valley,Pleasant Valley Elevation,4383.7
2026-10-07 13:13:14,Southern Owens Valley,LAA at Alabama Level,6.1
2026-10-07 13:13:14,Southern Owens Valley,LAA at Alabama Water Temp,66.1
2026-10-07 13:13:14,Southern Owens Valley,LAA at Cottonwood Level,6.1
2026-10-07 13:13:14,Southern Owens Valley,LAA at Cotton. Water Temp,67.0
2026-10-07 13:13:14,Southern Owens Valley,N. Haiwee Elevation,3756.9
2026-10-07 13:13:14,Southern Owens Valley,S. Haiwee Reservoir Elevation,3722.7
2026-10-07 13:13:14,Southern District,S. Haiwee Reservoir Elevation,3722.7
2026-10-07 13:13:14,Southern District,Fairmont Reservoir Elevation,3015.4
2026-10-07 13:13:14,Southern District,Bouquet Reservoir Elevation,2978.2
2026-10-07 13:28:13,Mono Basin,Lee Vining Intake Above Flow,50.1
2026-10-07 13:28:13,Mono Basin,Lee Vining Intake Below Flow,16.4
2026-10-07 13:28:13,Mono Basin,Walker Ck. Above Conduit Flow,3.0
2026-10-07 13:28:13,Mono Basin,L.V. Conduit Below Intake Flow,32.4
2026-10-07 13:28:13,Mono Basin,Walker Ck. Under Conduit Flow,3.0
2026-10-07 13:28:13,Mono Basin,Parker Ck. Under Conduit Flow,5.0
2026-10-07 13:28:13,Mono Basin,Parker Ck. Above Conduit Flow,6.0
2026-10-07 13:28:13,Mono Basin,Grant Lk. Spill Flow,0.0
2026-10-07 13:28:13,Mono Basin,Mono Gate 1 Return Ditch Flow,26.4
2026-10-07 13:28:13,Mono Basin,Grant Lk. Outflow,36.2
2026-10-07 13:28:13,Mono Basin,Rush Ck. at Damsite Flow,46.4
2026-10-07 13:28:13,Mono Basin,Flow to West Portal,13.1
2026-10-07 13:28:13,Long Valley,East Portal Flow,25.0
2026-10-07 13:28:13,Long Valley,OR Below EP Flow,72.0
2026-10-07 13:28:13,Long Valley,Hot Ck.at Hwy. Flow,5.0
2026-10-07 13:28:13,Long Valley,McGee Ck. Lower Sta. Flow,7.9
2026-10-07 13:28:13,Long Valley,Long Valley Current Outflow,44.0
2026-10-07 13:28:13,Long Valley,Rock Ck. Div. Flow,0.0
2026-10-07 13:28:13,Long Valley,Upper Gorge Total Release,41.9
2026-10-07 13:28:13,Long Valley,Release at Middle Gorge,0.0
2026-10-07 13:28:13,Northern Owens Valley,Rock Ck. At Owens River (PV) Flow,31.4
2026-10-07 13:28:13,Northern Owens Valley,Pleasant Valley Outflow,268.9
2026-10-07 13:28:13,Northern Owens Valley,Baker Ck. At LA Station Flow,6.1
2026-10-07 13:28:13,Northern Owens Valley,Big Pine Ck. USGS Flow,23.5
2026-10-07 13:28:13,Northern Owens Valley,O.R. Below Big Pine,293.4
2026-10-07 13:28:13,Northern Owens Valley,Fish Springs At RR Flow,40.1
2026-10-07 13:28:13,Northern Owens Valley,Tinemaha Reservoir Outflow,275.3
2026-10-07 13:28:13,Northern Owens Valley,Bishop Creek Through Plant 6,50.7
2026-10-07 13:28:13,Northern Owens Valley,Bishop Creek Around Plant 6,6.4
2026-10-07 13:28:13,Southern Owens Valley,Tinemaha Reservoir Outflow,275.3
2026-10-07 13:28:13,Southern Owens Valley,Indep. Ck. At Junction Flow,2.5
2026-10-07 13:28:13,Southern Owens Valley,LAA at Alabama Flow,247.0
2026-10-07 13:28:13,Southern Owens Valley,Cottonwood Ck. At LAA Flow,0.0
2026-10-07 13:28:13,Southern Owens Valley,LAA at Cottonwood Flow,221.0
2026-10-07 13:28:13,Southern Owens Valley,Haiwee LAA #1 Current Flow,0.0
2026-10-07 13:28:13,Southern Owens Valley,Haiwee LAA #2 Current Flow,3.3
2026-10-07 13:28:13,Southern Owens Valley,Reinhackel Flow,2.8
2026-10-07 13:28:13,Southern Owens Valley,Lubkin Spillgate Outflow,26.8
2026-10-07 13:28:13,Southern Owens Valley,Cartago Spillgate Outflow,80.7
2026-10-07 13:28:13,Southern Owens Valley,Lone Pine Creek Flow,4.6
2026-10-07 13:28:13,Lower Owens River Project,LORP Intake Flow,71.0
2026-10-07 13:28:13,Lower Owens River Project,LORP at Mazourka Canyon Road,0.0
2026-10-07 13:28:13,Lower Owens River Project,LORP at Reinhackle Springs,60.0
2026-10-07 13:28:13,Lower Owens River Project,LORP Above Pumpstation,60.0
2026-10-07 13:28:13,Lower Owens River Project,LORP At Pump Station Discharge Flow,48.0
2026-10-07 13:28:13,Southern District,Haiwee LAA #2 Current Flow,3.3
2026-10-07 13:28:13,Southern District,Haiwee LAA #1 Current Flow,0.0
2026-10-07 13:28:13,Southern District,LAA #1 Flow at Fairmont Reservoir,5.9
2026-10-07 13:28:13,Southern District,LAA #2 Flow at Fairmont Res.,0.0
2026-10-07 13:28:13,Southern District,Bouquet Reservoir Inflow,0.0
2026-10-07 13:28:13,Southern District,Bouquet Reservoir Outflow,0.7
2026-10-07 13:28:13,Southern District,LAA #1 at Soledad Flow,2.5
2026-10-07 13:28:13,Southern District,LAA #2 at Soledad Flow,0.1
2026-10-07 13:28:14,Northern Owens Valley,Tinemaha Elevation,3861.1
2026-10-07 13:28:14,Southern Owens Valley,Tinemaha Elevation,3861.1
2026-10-07 13:28:14,Mono Basin,Mono Lk. Elevation,6381.7
2026-10-07 13:28:14,Mono Basin,Grant Lk. Elevation,7128.6
2026-10-07 13:28:14,Long Valley,Long Valley Elevation,6765.0
2026-10-07 13:28:14,Northern Owens Valley,Pleasant Valley Elevation,4383.6
2026-10-07 13:28:14,Southern Owens Valley,LAA at Alabama Level,6.1
2026-10-07 13:28:14,Southern Owens Valley,LAA at Alabama Water Temp,66.1
2026-10-07 13:28:14,Southern Owens Valley,LAA at Cottonwood Level,6.1
2026-10-07 13:28:14,Southern Owens Valley,LAA at Cotton. Water Temp,67.0
2026-10-07 13:28:14,Southern Owens Valley,N. Haiwee Elevation,3756.9
2026-10-07 13:28:14,Southern Owens Valley,S. Haiwee Reservoir Elevation,3722.7
2026-10-07 13:28:14,Southern District,S. Haiwee Reservoir Elevation,3722.7
2026-10-07 13:28:14,Southern District,Fairmont Reservoir Elevation,3015.4
2026-10-07 13:28:14,Southern District,Bouquet Reservoir Elevation,2978.2
2026-10-07 13:43:13,Mono Basin,Lee Vining Intake Above Flow,50.1
2026-10-07 13:43:13,Mono Basin,Lee Vining Intake Below Flow,16.4
2026-10-07 13:43:13,Mono Basin,Walker Ck. Above Conduit Flow,3.0
2026-10-07 13:43:13,Mono Basin,L.V. Conduit Below Intake Flow,32.4
2026-10-07 13:43:13,Mono Basin,Walker Ck. Under Conduit Flow,3.0
2026-10-07 13:43:13,Mono Basin,Parker Ck. Under Conduit Flow,5.0
2026-10-07 13:43:13,Mono Basin,Parker Ck. Above Conduit Flow,6.0
2026-10-07 13:43:13,Mono Basin,Grant Lk. Spill Flow,0.0
2026-10-07 13:43:13,Mono Basin,Mono Gate 1 Return Ditch Flow,26.4
2026-10-07 13:43:13,Mono Basin,Grant Lk. Outflow,36.2
2026-10-07 13:43:13,Mono Basin,Rush Ck. at Damsite Flow,46.4
2026-10-07 13:43:13,Mono Basin,Flow to West Portal,13.1
2026-10-07 13:43:13,Long Valley,East Portal Flow,25.0
2026-10-07 13:43:13,Long Valley,OR Below EP Flow,72.0
2026-10-07 13:43:13,Long Valley,Hot Ck.at Hwy. Flow,5.0
2026-10-07 13:43:13,Long Valley,McGee Ck. Lower Sta. Flow,7.9
2026-10-07 13:43:13,Long Valley,Long Valley Current Outflow,44.0
2026-10-07 13:43:13,Long Valley,Rock Ck. Div. Flow,0.0
2026-10-07 13:43:13,Long Valley,Upper Gorge Total Release,41.2
2026-10-07 13:43:13,Long Valley,Release at Middle Gorge,0.0
2026-10-07 13:43:13,Northern Owens Valley,Rock Ck. At Owens River (PV) Flow,31.4
2026-10-07 13:43:13,Northern Owens Valley,Pleasant Valley Outflow,269.8
2026-10-07 13:43:13,Northern Owens Valley,Baker Ck. At LA Station Flow,6.1
2026-10-07 13:43:13,Northern Owens Valley,Big Pine Ck. USGS Flow,23.5
2026-10-07 13:43:13,Northern Owens Valley,O.R. Below Big Pine,292.7
2026-10-07 13:43:13,Northern Owens Valley,Fish Springs At RR Flow,40.1
2026-10-07 13:43:13,Northern Owens Valley,Tinemaha Reservoir Outflow,275.3
2026-10-07 13:43:13,Northern Owens Valley,Bishop Creek Through Plant 6,50.7
2026-10-07 13:43:13,Northern Owens Valley,Bishop Creek Around Plant 6,6.4
2026-10-07 13:43:13,Southern Owens Valley,Tinemaha Reservoir Outflow,275.3
2026-10-07 13:43:13,Southern Owens Valley,Indep. Ck. At Junction Flow,2.5
2026-10-07 13:43:13,Southern Owens Valley,LAA at Alabama Flow,247.0
2026-10-07 13:43:13,Southern Owens Valley,Cottonwood Ck. At LAA Flow,0.0
2026-10-07 13:43:13,Southern Owens Valley,LAA at Cottonwood Flow,220.0
2026-10-07 13:43:13,Southern Owens Valley,Haiwee LAA #1 Current Flow,0.0
2026-10-07 13:43:13,Southern Owens Valley,Haiwee LAA #2 Current Flow,3.3
2026-10-07 13:43:13,Southern Owens Valley,Reinhackel Flow,2.8
2026-10-07 13:43:13,Southern Owens Valley,Lubkin Spillgate Outflow,37.4
2026-10-07 13:43:13,Southern Owens Valley,Cartago Spillgate Outflow,76.9
2026-10-07 13:43:13,Southern Owens Valley,Lone Pine Creek Flow,4.5
2026-10-07 13:43:13,Lower Owens River Project,LORP Intake Flow,71.0
2026-10-07 13:43:13,Lower Owens River Project,LORP at Mazourka Canyon Road,0.0
2026-10-07 13:43:13,Lower Owens River Project,LORP at Reinhackle Springs,60.0
2026-10-07 13:43:13,Lower Owens River Project,LORP Above Pumpstation,59.0
2026-10-07 13:43:13,Lower Owens River Project,LORP At Pump Station Discharge Flow,47.0
2026-10-07 13:43:13,Southern District,Haiwee LAA #2 Current Flow,3.3
2026-10-07 13:43:13,Southern District,Haiwee LAA #1 Current Flow,0.0
2026-10-07 13:43:13,Southern District,LAA #1 Flow at Fairmont Reservoir,5.8
2026-10-07 13:43:13,Southern District,LAA #2 Flow at Fairmont Res.,0.0
2026-10-07 13:43:13,Southern District,Bouquet Reservoir Inflow,0.0
2026-10-07 13:43:13,Southern District,Bouquet Reservoir Outflow,0.7
2026-10-07 13:43:13,Southern District,LAA #1 at Soledad Flow,2.5
2026-10-07 13:43:13,Southern District,LAA #2 at Soledad Flow,0.1
2026-10-07 13:43:14,Mono Basin,Mono Lk. Elevation,6381.7
2026-10-07 13:43:14,Mono Basin,Grant Lk. Elevation,7128.6
2026-10-07 13:43:14,Long Valley,Long Valley Elevation,6765.0
2026-10-07 13:43:14,Northern Owens Valley,Pleasant Valley Elevation,4383.6
2026-10-07 13:43:14,Southern Owens Valley,LAA at Alabama Level,6.1
2026-10-07 13:43:14,Southern Owens Valley,LAA at Alabama Water Temp,66.1
2026-10-07 13:43:14,Southern Owens Valley,LAA at Cottonwood Level,6.1
2026-10-07 13:43:14,Southern Owens Valley,LAA at Cotton. Water Temp,67.2
2026-10-07 13:43:14,Southern Owens Valley,N. Haiwee Elevation,3756.9
2026-10-07 13:43:14,Southern Owens Valley,S. Haiwee Reservoir Elevation,3722.7
2026-10-07 13:43:14,Southern District,S. Haiwee Reservoir Elevation,3722.7
2026-10-07 13:43:14,Southern District,Fairmont Reservoir Elevation,3015.4
2026-10-07 13:43:14,Southern District,Bouquet Reservoir Elevation,2978.2
2026-10-07 13:58:13,Mono Basin,Lee Vining Intake Above Flow,48.7
2026-10-07 13:58:13,Mono Basin,Lee Vining Intake Below Flow,16.3
2026-10-07 13:58:13,Mono Basin,Walker Ck. Above Conduit Flow,3.0
2026-10-07 13:58:13,Mono Basin,L.V. Conduit Below Intake Flow,32.2
2026-10-07 13:58:13,Mono Basin,Walker Ck. Under Conduit Flow,3.0
2026-10-07 13:58:13,Mono Basin,Parker Ck. Under Conduit Flow,5.0
2026-10-07 13:58:13,Mono Basin,Parker Ck. Above Conduit Flow,6.0
2026-10-07 13:58:13,Mono Basin,Grant Lk. Spill Flow,0.0
2026-10-07 13:58:13,Mono Basin,Mono Gate 1 Return Ditch Flow,26.4
2026-10-07 13:58:13,Mono Basin,Grant Lk. Outflow,36.2
2026-10-07 13:58:13,Mono Basin,Rush Ck. at Damsite Flow,46.4
2026-10-07 13:58:13,Mono Basin,Flow to West Portal,13.1
2026-10-07 13:58:13,Long Valley,East Portal Flow,25.0
2026-10-07 13:58:13,Long Valley,OR Below EP Flow,72.0
2026-10-07 13:58:13,Long Valley,Hot Ck.at Hwy. Flow,5.0
2026-10-07 13:58:13,Long Valley,McGee Ck. Lower Sta. Flow,7.9
2026-10-07 13:58:13,Long Valley,Long Valley Current Outflow,44.0
2026-10-07 13:58:13,Long Valley,Rock Ck. Div. Flow,0.0
2026-10-07 13:58:13,Long Valley,Upper Gorge Total Release,41.6
2026-10-07 13:58:13,Long Valley,Release at Middle Gorge,0.0
2026-10-07 13:58:13,Northern Owens Valley,Rock Ck. At Owens River (PV) Flow,31.4
2026-10-07 13:58:13,Northern Owens Valley,Pleasant Valley Outflow,269.3
2026-10-07 13:58:13,Northern Owens Valley,Baker Ck. At LA Station Flow,6.1
2026-10-07 13:58:13,Northern Owens Valley,Big Pine Ck. USGS Flow,23.5
2026-10-07 13:58:13,Northern Owens Valley,O.R. Below Big Pine,292.0
2026-10-07 13:58:13,Northern Owens Valley,Fish Springs At RR Flow,40.1
2026-10-07 13:58:13,Northern Owens Valley,Tinemaha Reservoir Outflow,275.3
2026-10-07 13:58:13,Northern Owens Valley,Bishop Creek Through Plant 6,50.7
2026-10-07 13:58:13,Northern Owens Valley,Bishop Creek Around Plant 6,6.4
2026-10-07 13:58:13,Southern Owens Valley,Tinemaha Reservoir Outflow,275.3
2026-10-07 13:58:13,Southern Owens Valley,Indep. Ck. At Junction Flow,2.5
2026-10-07 13:58:13,Southern Owens Valley,LAA at Alabama Flow,247.0
2026-10-07 13:58:13,Southern Owens Valley,Cottonwood Ck. At LAA Flow,0.0
2026-10-07 13:58:13,Southern Owens Valley,LAA at Cottonwood Flow,220.0
2026-10-07 13:58:13,Southern Owens Valley,Haiwee LAA #1 Current Flow,0.0
2026-10-07 13:58:13,Southern Owens Valley,Haiwee LAA #2 Current Flow,3.3
2026-10-07 13:58:13,Southern Owens Valley,Reinhackel Flow,2.8
2026-10-07 13:58:13,Southern Owens Valley,Lubkin Spillgate Outflow,37.4
2026-10-07 13:58:13,Southern Owens Valley,Cartago Spillgate Outflow,81.8
2026-10-07 13:58:13,Southern Owens Valley,Lone Pine Creek Flow,4.5
2026-10-07 13:58:13,Lower Owens River Project,LORP Intake Flow,71.0
2026-10-07 13:58:13,Lower Owens River Project,LORP at Mazourka Canyon Road,0.0
2026-10-07 13:58:13,Lower Owens River Project,LORP at Reinhackle Springs,60.0
2026-10-07 13:58:13,Lower Owens River Project,LORP Above Pumpstation,59.0
2026-10-07 13:58:13,Lower Owens River Project,LORP At Pump Station Discharge Flow,48.0
2026-10-07 13:58:13,Southern District,Haiwee LAA #2 Current Flow,3.3
2026-10-07 13:58:13,Southern District,Haiwee LAA #1 Current Flow,0.0
2026-10-07 13:58:13,Southern District,LAA #1 Flow at Fairmont Reservoir,5.8
2026-10-07 13:58:13,Southern District,LAA #2 Flow at Fairmont Res.,0.0
2026-10-07 13:58:13,Southern District,Bouquet Reservoir Inflow,0.0
2026-10-07 13:58:13,Southern District,Bouquet Reservoir Outflow,0.7
2026-10-07 13:58:13,Southern District,LAA #1 at Soledad Flow,2.5
2026-10-07 13:58:13,Southern District,LAA #2 at Soledad Flow,0.1
2026-10-07 13:58:14,Northern Owens Valley,Tinemaha Elevation,3861.1
2026-10-07 13:58:14,Southern Owens Valley,Tinemaha Elevation,3861.1
2026-10-07 13:58:14,Mono Basin,Mono Lk. Elevation,6381.7
2026-10-07 13:58:14,Mono Basin,Grant Lk. Elevation,7128.6
2026-10-07 13:58:14,Long Valley,Long Valley Elevation,6765.0
2026-10-07 13:58:14,Northern Owens Valley,Pleasant Valley Elevation,4383.5
2026-10-07 13:58:14,Southern Owens Valley,LAA at Alabama Level,6.1
2026-10-07 13:58:14,Southern Owens Valley,LAA at Alabama Water Temp,66.1
2026-10-07 13:58:14,Southern Owens Valley,LAA at Cottonwood Level,6.1
2026-10-07 13:58:14,Southern Owens Valley,LAA at Cotton. Water Temp,67.5
2026-10-07 13:58:14,Southern Owens Valley,N. Haiwee Elevation,3756.9
2026-10-07 13:58:14,Southern Owens Valley,S. Haiwee Reservoir Elevation,3722.7
2026-10-07 13:58:14,Southern District,S. Haiwee Reservoir Elevation,3722.7
2026-10-07 13:58:14,Southern District,Fairmont Reservoir Elevation,3015.4
2026-10-07 13:58:14,Southern District,Bouquet Reservoir Elevation,2978.2
2026-10-07 14:13:13,Mono Basin,Lee Vining Intake Above Flow,48.7
2026-10-07 14:13:13,Mono Basin,Lee Vining Intake Below Flow,16.3
2026-10-07 14:13:13,Mono Basin,Walker Ck. Above Conduit Flow,3.0
2026-10-07 14:13:13,Mono Basin,L.V. Conduit Below Intake Flow,32.2
2026-10-07 14:13:13,Mono Basin,Walker Ck. Under Conduit Flow,3.0
2026-10-07 14:13:13,Mono Basin,Parker Ck. Under Conduit Flow,5.0
2026-10-07 14:13:13,Mono Basin,Parker Ck. Above Conduit Flow,6.0
2026-10-07 14:13:13,Mono Basin,Grant Lk. Spill Flow,0.0
2026-10-07 14:13:13,Mono Basin,Mono Gate 1 Return Ditch Flow,26.4
2026-10-07 14:13:13,Mono Basin,Grant Lk. Outflow,36.2
2026-10-07 14:13:13,Mono Basin,Rush Ck. at Damsite Flow,38.4
2026-10-07 14:13:13,Mono Basin,Flow to West Portal,13.1
2026-10-07 14:13:13,Long Valley,East Portal Flow,25.0
2026-10-07 14:13:13,Long Valley,OR Below EP Flow,72.0
2026-10-07 14:13:13,Long Valley,Hot Ck.at Hwy. Flow,5.0
2026-10-07 14:13:13,Long Valley,McGee Ck. Lower Sta. Flow,7.9
2026-10-07 14:13:13,Long Valley,Long Valley Current Outflow,44.0
2026-10-07 14:13:13,Long Valley,Rock Ck. Div. Flow,0.0
2026-10-07 14:13:13,Long Valley,Upper Gorge Total Release,41.7
2026-10-07 14:13:13,Long Valley,Release at Middle Gorge,0.0
2026-10-07 14:13:13,Northern Owens Valley,Rock Ck. At Owens River (PV) Flow,31.4
2026-10-07 14:13:13,Northern Owens Valley,Pleasant Valley Outflow,269.0
2026-10-07 14:13:13,Northern Owens Valley,Baker Ck. At LA Station Flow,6.1
2026-10-07 14:13:13,Northern Owens Valley,Big Pine Ck. USGS Flow,23.5
2026-10-07 14:13:13,Northern Owens Valley,O.R. Below Big Pine,291.0
2026-10-07 14:13:13,Northern Owens Valley,Fish Springs At RR Flow,40.1
2026-10-07 14:13:13,Northern Owens Valley,Tinemaha Reservoir Outflow,275.3
2026-10-07 14:13:13,Northern Owens Valley,Bishop Creek Through Plant 6,50.7
2026-10-07 14:13:13,Northern Owens Valley,Bishop Creek Around Plant 6,6.4
2026-10-07 14:13:13,Southern Owens Valley,Tinemaha Reservoir Outflow,275.3
2026-10-07 14:13:13,Southern Owens Valley,Indep. Ck. At Junction Flow,2.5
2026-10-07 14:13:13,Southern Owens Valley,LAA at Alabama Flow,246.0
2026-10-07 14:13:13,Southern Owens Valley,Cottonwood Ck. At LAA Flow,0.0
2026-10-07 14:13:13,Southern Owens Valley,LAA at Cottonwood Flow,220.0
2026-10-07 14:13:13,Southern Owens Valley,Haiwee LAA #1 Current Flow,0.0
2026-10-07 14:13:13,Southern Owens Valley,Haiwee LAA #2 Current Flow,3.3
2026-10-07 14:13:13,Southern Owens Valley,Reinhackel Flow,2.8
2026-10-07 14:13:13,Southern Owens Valley,Lubkin Spillgate Outflow,37.4
2026-10-07 14:13:13,Southern Owens Valley,Cartago Spillgate Outflow,78.2
2026-10-07 14:13:13,Southern Owens Valley,Lone Pine Creek Flow,4.5
2026-10-07 14:13:13,Lower Owens River Project,LORP Intake Flow,71.0
2026-10-07 14:13:13,Lower Owens River Project,LORP at Mazourka Canyon Road,0.0
2026-10-07 14:13:13,Lower Owens River Project,LORP at Reinhackle Springs,60.0
2026-10-07 14:13:13,Lower Owens River Project,LORP Above Pumpstation,61.0
2026-10-07 14:13:13,Lower Owens River Project,LORP At Pump Station Discharge Flow,49.0
2026-10-07 14:13:13,Southern District,Haiwee LAA #2 Current Flow,3.3
2026-10-07 14:13:13,Southern District,Haiwee LAA #1 Current Flow,0.0
2026-10-07 14:13:13,Southern District,LAA #1 Flow at Fairmont Reservoir,5.8
2026-10-07 14:13:13,Southern District,LAA #2 Flow at Fairmont Res.,0.0
2026-10-07 14:13:13,Southern District,Bouquet Reservoir Inflow,0.0
2026-10-07 14:13:13,Southern District,Bouquet Reservoir Outflow,0.7
2026-10-07 14:13:13,Southern District,LAA #1 at Soledad Flow,2.5
2026-10-07 14:13:13,Southern District,LAA #2 at Soledad Flow,0.1
2026-10-07 14:13:14,Mono Basin,Mono Lk. Elevation,6381.7
2026-10-07 14:13:14,Mono Basin,Grant Lk. Elevation,7128.6
2026-10-07 14:13:14,Long Valley,Long Valley Elevation,6765.0
2026-10-07 14:13:14,Northern Owens Valley,Pleasant Valley Elevation,4383.5
2026-10-07 14:13:14,Southern Owens Valley,LAA at Alabama Level,6.1
2026-10-07 14:13:14,Southern Owens Valley,LAA at Alabama Water Temp,66.9
2026-10-07 14:13:14,Southern Owens Valley,LAA at Cottonwood Level,6.1
2026-10-07 14:13:14,Southern Owens Valley,LAA at Cotton. Water Temp,67.6
2026-10-07 14:13:14,Southern Owens Valley,N. Haiwee Elevation,3756.9
2026-10-07 14:13:14,Southern Owens Valley,S. Haiwee Reservoir Elevation,3722.7
2026-10-07 14:13:14,Southern District,S. Haiwee Reservoir Elevation,3722.7
2026-10-07 14:13:14,Southern District,Fairmont Reservoir Elevation,3015.4
2026-10-07 14:13:14,Southern District,Bouquet Reservoir Elevation,2978.2
2026-10-07 14:28:13,Mono Basin,Lee Vining Intake Above Flow,48.7
2026-10-07 14:28:13,Mono Basin,Lee Vining Intake Below Flow,16.3
2026-10-07 14:28:13,Mono Basin,Walker Ck. Above Conduit Flow,3.0
2026-10-07 14:28:13,Mono Basin,L.V. Conduit Below Intake Flow,32.2
2026-10-07 14:28:13,Mono Basin,Walker Ck. Under Conduit Flow,3.0
2026-10-07 14:28:13,Mono Basin,Parker Ck. Under Conduit Flow,5.0
2026-10-07 14:28:13,Mono Basin,Parker Ck. Above Conduit Flow,6.0
2026-10-07 14:28:13,Mono Basin,Grant Lk. Spill Flow,0.0
2026-10-07 14:28:13,Mono Basin,Mono Gate 1 Return Ditch Flow,26.3
2026-10-07 14:28:13,Mono Basin,Grant Lk. Outflow,36.3
2026-10-07 14:28:13,Mono Basin,Rush Ck. at Damsite Flow,38.4
2026-10-07 14:28:13,Mono Basin,Flow to West Portal,13.1
2026-10-07 14:28:13,Long Valley,East Portal Flow,25.0
2026-10-07 14:28:13,Long Valley,OR Below EP Flow,72.0
2026-10-07 14:28:13,Long Valley,Hot Ck.at Hwy. Flow,5.0
2026-10-07 14:28:13,Long Valley,McGee Ck. Lower Sta. Flow,7.9
2026-10-07 14:28:13,Long Valley,Long Valley Current Outflow,44.0
2026-10-07 14:28:13,Long Valley,Rock Ck. Div. Flow,0.0
2026-10-07 14:28:13,Long Valley,Upper Gorge Total Release,41.3
2026-10-07 14:28:13,Long Valley,Release at Middle Gorge,0.0
2026-10-07 14:28:13,Northern Owens Valley,Rock Ck. At Owens River (PV) Flow,31.4
2026-10-07 14:28:13,Northern Owens Valley,Pleasant Valley Outflow,269.0
2026-10-07 14:28:13,Northern Owens Valley,Baker Ck. At LA Station Flow,6.1
2026-10-07 14:28:13,Northern Owens Valley,Big Pine Ck. USGS Flow,23.5
2026-10-07 14:28:13,Northern Owens Valley,O.R. Below Big Pine,290.1
2026-10-07 14:28:13,Northern Owens Valley,Fish Springs At RR Flow,40.1
2026-10-07 14:28:13,Northern Owens Valley,Tinemaha Reservoir Outflow,275.3
2026-10-07 14:28:13,Northern Owens Valley,Bishop Creek Through Plant 6,50.7
2026-10-07 14:28:13,Northern Owens Valley,Bishop Creek Around Plant 6,6.4
2026-10-07 14:28:13,Southern Owens Valley,Tinemaha Reservoir Outflow,275.3
2026-10-07 14:28:13,Southern Owens Valley,Indep. Ck. At Junction Flow,2.5
2026-10-07 14:28:13,Southern Owens Valley,LAA at Alabama Flow,246.0
2026-10-07 14:28:13,Southern Owens Valley,Cottonwood Ck. At LAA Flow,0.0
2026-10-07 14:28:13,Southern Owens Valley,LAA at Cottonwood Flow,220.0
2026-10-07 14:28:13,Southern Owens Valley,Haiwee LAA #1 Current Flow,0.0
2026-10-07 14:28:13,Southern Owens Valley,Haiwee LAA #2 Current Flow,3.3
2026-10-07 14:28:13,Southern Owens Valley,Reinhackel Flow,2.8
2026-10-07 14:28:13,Southern Owens Valley,Lubkin Spillgate Outflow,43.3
2026-10-07 14:28:13,Southern Owens Valley,Cartago Spillgate Outflow,76.0
2026-10-07 14:28:13,Southern Owens Valley,Lone Pine Creek Flow,4.5
2026-10-07 14:28:13,Lower Owens River Project,LORP Intake Flow,71.0
2026-10-07 14:28:13,Lower Owens River Project,LORP at Mazourka Canyon Road,0.0
2026-10-07 14:28:13,Lower Owens River Project,LORP at Reinhackle Springs,64.0
2026-10-07 14:28:13,Lower Owens River Project,LORP Above Pumpstation,60.0
2026-10-07 14:28:13,Lower Owens River Project,LORP At Pump Station Discharge Flow,48.0
2026-10-07 14:28:13,Southern District,Haiwee LAA #2 Current Flow,3.3
2026-10-07 14:28:13,Southern District,Haiwee LAA #1 Current Flow,0.0
2026-10-07 14:28:13,Southern District,LAA #1 Flow at Fairmont Reservoir,5.6
2026-10-07 14:28:13,Southern District,LAA #2 Flow at Fairmont Res.,0.0
2026-10-07 14:28:13,Southern District,Bouquet Reservoir Inflow,0.0
2026-10-07 14:28:13,Southern District,Bouquet Reservoir Outflow,0.7
2026-10-07 14:28:13,Southern District,LAA #1 at Soledad Flow,2.5
2026-10-07 14:28:13,Southern District,LAA #2 at Soledad Flow,0.1
2026-10-07 14:28:14,Northern Owens Valley,Tinemaha Elevation,3861.1
2026-10-07 14:28:14,Southern Owens Valley,Tinemaha Elevation,3861.1
2026-10-07 14:28:14,Mono Basin,Mono Lk. Elevation,6381.7
2026-10-07 14:28:14,Mono Basin,Grant Lk. Elevation,7128.6
2026-10-07 14:28:14,Long Valley,Long Valley Elevation,6765.0
2026-10-07 14:28:14,Northern Owens Valley,Pleasant Valley Elevation,4383.4
2026-10-07 14:28:14,Southern Owens Valley,LAA at Alabama Level,6.1
2026-10-07 14:28:14,Southern Owens Valley,LAA at Alabama Water Temp,66.9
2026-10-07 14:28:14,Southern Owens Valley,LAA at Cottonwood Level,6.1
2026-10-07 14:28:14,Southern Owens Valley,LAA at Cotton. Water Temp,67.7
2026-10-07 14:28:14,Southern Owens Valley,N. Haiwee Elevation,3756.9
2026-10-07 14:28:14,Southern Owens Valley,S. Haiwee Reservoir Elevation,3722.7
2026-10-07 14:28:14,Southern District,S. Haiwee Reservoir Elevation,3722.7
2026-10-07 14:28:14,Southern District,Fairmont Reservoir Elevation,3015.4
2026-10-07 14:28:14,Southern District,Bouquet Reservoir Elevation,2978.2
2026-10-07 14:43:13,Mono Basin,Lee Vining Intake Above Flow,48.8
2026-10-07 14:43:13,Mono Basin,Lee Vining Intake Below Flow,16.4
2026-10-07 14:43:13,Mono Basin,Walker Ck. Above Conduit Flow,3.0
2026-10-07 14:43:13,Mono Basin,L.V. Conduit Below Intake Flow,32.6
2026-10-07 14:43:13,Mono Basin,Walker Ck. Under Conduit Flow,3.0
2026-10-07 14:43:13,Mono Basin,Parker Ck. Under Conduit Flow,5.0
2026-10-07 14:43:13,Mono Basin,Parker Ck. Above Conduit Flow,6.0
2026-10-07 14:43:13,Mono Basin,Grant Lk. Spill Flow,0.0
2026-10-07 14:43:13,Mono Basin,Mono Gate 1 Return Ditch Flow,26.3
2026-10-07 14:43:13,Mono Basin,Grant Lk. Outflow,36.3
2026-10-07 14:43:13,Mono Basin,Rush Ck. at Damsite Flow,38.4
2026-10-07 14:43:13,Mono Basin,Flow to West Portal,13.1
2026-10-07 14:43:13,Long Valley,East Portal Flow,25.0
2026-10-07 14:43:13,Long Valley,OR Below EP Flow,71.0
2026-10-07 14:43:13,Long Valley,Hot Ck.at Hwy. Flow,5.0
2026-10-07 14:43:13,Long Valley,McGee Ck. Lower Sta. Flow,7.9
2026-10-07 14:43:13,Long Valley,Long Valley Current Outflow,44.0
2026-10-07 14:43:13,Long Valley,Rock Ck. Div. Flow,0.0
2026-10-07 14:43:13,Long Valley,Upper Gorge Total Release,41.2
2026-10-07 14:43:13,Long Valley,Release at Middle Gorge,0.0
2026-10-07 14:43:13,Northern Owens Valley,Rock Ck. At Owens River (PV) Flow,31.4
2026-10-07 14:43:13,Northern Owens Valley,Pleasant Valley Outflow,269.5
2026-10-07 14:43:13,Northern Owens Valley,Baker Ck. At LA Station Flow,6.1
2026-10-07 14:43:13,Northern Owens Valley,Big Pine Ck. USGS Flow,23.5
2026-10-07 14:43:13,Northern Owens Valley,O.R. Below Big Pine,288.9
2026-10-07 14:43:13,Northern Owens Valley,Fish Springs At RR Flow,40.1
2026-10-07 14:43:13,Northern Owens Valley,Tinemaha Reservoir Outflow,275.3
2026-10-07 14:43:13,Northern Owens Valley,Bishop Creek Through Plant 6,50.7
2026-10-07 14:43:13,Northern Owens Valley,Bishop Creek Around Plant 6,6.4
2026-10-07 14:43:13,Southern Owens Valley,Tinemaha Reservoir Outflow,275.3
2026-10-07 14:43:13,Southern Owens Valley,Indep. Ck. At Junction Flow,2.5
2026-10-07 14:43:13,Southern Owens Valley,LAA at Alabama Flow,246.0
2026-10-07 14:43:13,Southern Owens Valley,Cottonwood Ck. At LAA Flow,0.0
2026-10-07 14:43:13,Southern Owens Valley,LAA at Cottonwood Flow,220.0
2026-10-07 14:43:13,Southern Owens Valley,Haiwee LAA #1 Current Flow,0.0
2026-10-07 14:43:13,Southern Owens Valley,Haiwee LAA #2 Current Flow,3.3
2026-10-07 14:43:13,Southern Owens Valley,Reinhackel Flow,2.8
2026-10-07 14:43:13,Southern Owens Valley,Lubkin Spillgate Outflow,42.1
2026-10-07 14:43:13,Southern Owens Valley,Cartago Spillgate Outflow,78.2
2026-10-07 14:43:13,Southern Owens Valley,Lone Pine Creek Flow,4.5
2026-10-07 14:43:13,Lower Owens River Project,LORP Intake Flow,68.0
2026-10-07 14:43:13,Lower Owens River Project,LORP at Mazourka Canyon Road,0.0
2026-10-07 14:43:13,Lower Owens River Project,LORP at Reinhackle Springs,64.0
2026-10-07 14:43:13,Lower Owens River Project,LORP Above Pumpstation,56.0
2026-10-07 14:43:13,Lower Owens River Project,LORP At Pump Station Discharge Flow,44.0
2026-10-07 14:43:13,Southern District,Haiwee LAA #2 Current Flow,3.3
2026-10-07 14:43:13,Southern District,Haiwee LAA #1 Current Flow,0.0
2026-10-07 14:43:13,Southern District,LAA #1 Flow at Fairmont Reservoir,5.9
2026-10-07 14:43:13,Southern District,LAA #2 Flow at Fairmont Res.,0.0
2026-10-07 14:43:13,Southern District,Bouquet Reservoir Inflow,0.0
2026-10-07 14:43:13,Southern District,Bouquet Reservoir Outflow,0.7
2026-10-07 14:43:13,Southern District,LAA #1 at Soledad Flow,2.5
2026-10-07 14:43:13,Southern District,LAA #2 at Soledad Flow,0.1
2026-10-07 14:43:14,Mono Basin,Mono Lk. Elevation,6381.7
2026-10-07 14:43:14,Mono Basin,Grant Lk. Elevation,7128.6
2026-10-07 14:43:14,Long Valley,Long Valley Elevation,6765.0
2026-10-07 14:43:14,Northern Owens Valley,Pleasant Valley Elevation,4383.4
2026-10-07 14:43:14,Southern Owens Valley,LAA at Alabama Level,6.1
2026-10-07 14:43:14,Southern Owens Valley,LAA at Alabama Water Temp,66.9
2026-10-07 14:43:14,Southern Owens Valley,LAA at Cottonwood Level,6.1
2026-10-07 14:43:14,Southern Owens Valley,LAA at Cotton. Water Temp,68.0
2026-10-07 14:43:14,Southern Owens Valley,N. Haiwee Elevation,3757.0
2026-10-07 14:43:14,Southern Owens Valley,S. Haiwee Reservoir Elevation,3722.7
2026-10-07 14:43:14,Southern District,S. Haiwee Reservoir Elevation,3722.7
2026-10-07 14:43:14,Southern District,Fairmont Reservoir Elevation,3015.4
2026-10-07 14:43:14,Southern District,Bouquet Reservoir Elevation,2978.2
2026-10-07 14:58:13,Mono Basin,Lee Vining Intake Above Flow,49.2
2026-10-07 14:58:13,Mono Basin,Lee Vining Intake Below Flow,16.4
2026-10-07 14:58:13,Mono Basin,Walker Ck. Above Conduit Flow,3.0
2026-10-07 14:58:13,Mono Basin,L.V. Conduit Below Intake Flow,32.3
2026-10-07 14:58:13,Mono Basin,Walker Ck. Under Conduit Flow,3.0
2026-10-07 14:58:13,Mono Basin,Parker Ck. Under Conduit Flow,5.0
2026-10-07 14:58:13,Mono Basin,Parker Ck. Above Conduit Flow,6.0
2026-10-07 14:58:13,Mono Basin,Grant Lk. Spill Flow,0.0
2026-10-07 14:58:13,Mono Basin,Mono Gate 1 Return Ditch Flow,26.3
2026-10-07 14:58:13,Mono Basin,Grant Lk. Outflow,36.3
2026-10-07 14:58:13,Mono Basin,Rush Ck. at Damsite Flow,38.4
2026-10-07 14:58:13,Mono Basin,Flow to West Portal,13.1
2026-10-07 14:58:13,Long Valley,East Portal Flow,25.0
2026-10-07 14:58:13,Long Valley,OR Below EP Flow,71.0
2026-10-07 14:58:13,Long Valley,Hot Ck.at Hwy. Flow,5.0
2026-10-07 14:58:13,Long Valley,McGee Ck. Lower Sta. Flow,7.9
2026-10-07 14:58:13,Long Valley,Long Valley Current Outflow,44.0
2026-10-07 14:58:13,Long Valley,Rock Ck. Div. Flow,0.0
2026-10-07 14:58:13,Long Valley,Upper Gorge Total Release,41.5
2026-10-07 14:58:13,Long Valley,Release at Middle Gorge,0.0
2026-10-07 14:58:13,Northern Owens Valley,Rock Ck. At Owens River (PV) Flow,31.5
2026-10-07 14:58:13,Northern Owens Valley,Pleasant Valley Outflow,268.9
2026-10-07 14:58:13,Northern Owens Valley,Baker Ck. At LA Station Flow,6.1
2026-10-07 14:58:13,Northern Owens Valley,Big Pine Ck. USGS Flow,23.5
2026-10-07 14:58:13,Northern Owens Valley,O.R. Below Big Pine,287.9
2026-10-07 14:58:13,Northern Owens Valley,Fish Springs At RR Flow,40.1
2026-10-07 14:58:13,Northern Owens Valley,Tinemaha Reservoir Outflow,275.3
2026-10-07 14:58:13,Northern Owens Valley,Bishop Creek Through Plant 6,50.7
2026-10-07 14:58:13,Northern Owens Valley,Bishop Creek Around Plant 6,6.4
2026-10-07 14:58:13,Southern Owens Valley,Tinemaha Reservoir Outflow,275.3
2026-10-07 14:58:13,Southern Owens Valley,Indep. Ck. At Junction Flow,2.5
2026-10-07 14:58:13,Southern Owens Valley,LAA at Alabama Flow,246.0
2026-10-07 14:58:13,Southern Owens Valley,Cottonwood Ck. At LAA Flow,0.0
2026-10-07 14:58:13,Southern Owens Valley,LAA at Cottonwood Flow,220.0
2026-10-07 14:58:13,Southern Owens Valley,Haiwee LAA #1 Current Flow,0.0
2026-10-07 14:58:13,Southern Owens Valley,Haiwee LAA #2 Current Flow,3.3
2026-10-07 14:58:13,Southern Owens Valley,Reinhackel Flow,2.8
2026-10-07 14:58:13,Southern Owens Valley,Lubkin Spillgate Outflow,42.1
2026-10-07 14:58:13,Southern Owens Valley,Cartago Spillgate Outflow,82.9
2026-10-07 14:58:13,Southern Owens Valley,Lone Pine Creek Flow,4.5
2026-10-07 14:58:13,Lower Owens River Project,LORP Intake Flow,68.0
2026-10-07 14:58:13,Lower Owens River Project,LORP at Mazourka Canyon Road,0.0
2026-10-07 14:58:13,Lower Owens River Project,LORP at Reinhackle Springs,64.0
2026-10-07 14:58:13,Lower Owens River Project,LORP Above Pumpstation,60.0
2026-10-07 14:58:13,Lower Owens River Project,LORP At Pump Station Discharge Flow,48.0
2026-10-07 14:58:13,Southern District,Haiwee LAA #2 Current Flow,3.3
2026-10-07 14:58:13,Southern District,Haiwee LAA #1 Current Flow,0.0
2026-10-07 14:58:13,Southern District,LAA #1 Flow at Fairmont Reservoir,5.3
2026-10-07 14:58:13,Southern District,LAA #2 Flow at Fairmont Res.,0.0
2026-10-07 14:58:13,Southern District,Bouquet Reservoir Inflow,0.0
2026-10-07 14:58:13,Southern District,Bouquet Reservoir Outflow,0.5
2026-10-07 14:58:13,Southern District,LAA #1 at Soledad Flow,2.5
2026-10-07 14:58:13,Southern District,LAA #2 at Soledad Flow,0.1
2026-10-07 14:58:14,Northern Owens Valley,Tinemaha Elevation,3861.1
2026-10-07 14:58:14,Southern Owens Valley,Tinemaha Elevation,3861.1
2026-10-07 14:58:14,Mono Basin,Mono Lk. Elevation,6381.7
2026-10-07 14:58:14,Mono Basin,Grant Lk. Elevation,7128.6
2026-10-07 14:58:14,Long Valley,Long Valley Elevation,6765.0
2026-10-07 14:58:14,Northern Owens Valley,Pleasant Valley Elevation,4383.4
2026-10-07 14:58:14,Southern Owens Valley,LAA at Alabama Level,6.1
2026-10-07 14:58:14,Southern Owens Valley,LAA at Alabama Water Temp,66.9
2026-10-07 14:58:14,Southern Owens Valley,LAA at Cottonwood Level,6.1
2026-10-07 14:58:14,Southern Owens Valley,LAA at Cotton. Water Temp,68.0
2026-10-07 14:58:14,Southern Owens Valley,N. Haiwee Elevation,3757.0
2026-10-07 14:58:14,Southern Owens Valley,S. Haiwee Reservoir Elevation,3722.7
2026-10-07 14:58:14,Southern District,S. Haiwee Reservoir Elevation,3722.7
2026-10-07 14:58:14,Southern District,Fairmont Reservoir Elevation,3015.4
2026-10-07 14:58:14,Southern District,Bouquet Reservoir Elevation,2978.2
2026-10-07 15:13:13,Mono Basin,Lee Vining Intake Above Flow,49.2
2026-10-07 15:13:13,Mono Basin,Lee Vining Intake Below Flow,16.4
2026-10-07 15:13:13,Mono Basin,Walker Ck. Above Conduit Flow,3.0
2026-10-07 15:13:13,Mono Basin,L.V. Conduit Below Intake Flow,32.3
2026-10-07 15:13:13,Mono Basin,Walker Ck. Under Conduit Flow,3.0
2026-10-07 15:13:13,Mono Basin,Parker Ck. Under Conduit Flow,5.0
2026-10-07 15:13:13,Mono Basin,Parker Ck. Above Conduit Flow,5.0
2026-10-07 15:13:13,Mono Basin,Grant Lk. Spill Flow,0.0
2026-10-07 15:13:13,Mono Basin,Mono Gate 1 Return Ditch Flow,26.3
2026-10-07 15:13:13,Mono Basin,Grant Lk. Outflow,36.3
2026-10-07 15:13:13,Mono Basin,Rush Ck. at Damsite Flow,38.4
2026-10-07 15:13:13,Mono Basin,Flow to West Portal,13.2
2026-10-07 15:13:13,Long Valley,East Portal Flow,25.0
2026-10-07 15:13:13,Long Valley,OR Below EP Flow,71.0
2026-10-07 15:13:13,Long Valley,Hot Ck.at Hwy. Flow,5.0
2026-10-07 15:13:13,Long Valley,McGee Ck. Lower Sta. Flow,7.7
2026-10-07 15:13:13,Long Valley,Long Valley Current Outflow,44.0
2026-10-07 15:13:13,Long Valley,Rock Ck. Div. Flow,0.0
2026-10-07 15:13:13,Long Valley,Upper Gorge Total Release,41.7
2026-10-07 15:13:13,Long Valley,Release at Middle Gorge,0.0
2026-10-07 15:13:13,Northern Owens Valley,Rock Ck. At Owens River (PV) Flow,31.6
2026-10-07 15:13:13,Northern Owens Valley,Pleasant Valley Outflow,268.9
2026-10-07 15:13:13,Northern Owens Valley,Baker Ck. At LA Station Flow,6.1
2026-10-07 15:13:13,Northern Owens Valley,Big Pine Ck. USGS Flow,23.5
2026-10-07 15:13:13,Northern Owens Valley,O.R. Below Big Pine,287.4
2026-10-07 15:13:13,Northern Owens Valley,Fish Springs At RR Flow,40.1
2026-10-07 15:13:13,Northern Owens Valley,Tinemaha Reservoir Outflow,275.3
2026-10-07 15:13:13,Northern Owens Valley,Bishop Creek Through Plant 6,50.7
2026-10-07 15:13:13,Northern Owens Valley,Bishop Creek Around Plant 6,6.4
2026-10-07 15:13:13,Southern Owens Valley,Tinemaha Reservoir Outflow,275.3
2026-10-07 15:13:13,Southern Owens Valley,Indep. Ck. At Junction Flow,2.5
2026-10-07 15:13:13,Southern Owens Valley,LAA at Alabama Flow,245.0
2026-10-07 15:13:13,Southern Owens Valley,Cottonwood Ck. At LAA Flow,0.0
2026-10-07 15:13:13,Southern Owens Valley,LAA at Cottonwood Flow,221.0
2026-10-07 15:13:13,Southern Owens Valley,Haiwee LAA #1 Current Flow,0.0
2026-10-07 15:13:13,Southern Owens Valley,Haiwee LAA #2 Current Flow,3.3
2026-10-07 15:13:13,Southern Owens Valley,Reinhackel Flow,2.8
2026-10-07 15:13:13,Southern Owens Valley,Lubkin Spillgate Outflow,39.3
2026-10-07 15:13:13,Southern Owens Valley,Cartago Spillgate Outflow,81.6
2026-10-07 15:13:13,Southern Owens Valley,Lone Pine Creek Flow,4.4
2026-10-07 15:13:13,Lower Owens River Project,LORP Intake Flow,68.0
2026-10-07 15:13:13,Lower Owens River Project,LORP at Mazourka Canyon Road,0.0
2026-10-07 15:13:13,Lower Owens River Project,LORP at Reinhackle Springs,64.0
2026-10-07 15:13:13,Lower Owens River Project,LORP Above Pumpstation,59.0
2026-10-07 15:13:13,Lower Owens River Project,LORP At Pump Station Discharge Flow,47.0
2026-10-07 15:13:13,Southern District,Haiwee LAA #2 Current Flow,3.3
2026-10-07 15:13:13,Southern District,Haiwee LAA #1 Current Flow,0.0
2026-10-07 15:13:13,Southern District,LAA #1 Flow at Fairmont Reservoir,5.8
2026-10-07 15:13:13,Southern District,LAA #2 Flow at Fairmont Res.,0.0
2026-10-07 15:13:13,Southern District,Bouquet Reservoir Inflow,0.0
2026-10-07 15:13:13,Southern District,Bouquet Reservoir Outflow,0.5
2026-10-07 15:13:13,Southern District,LAA #1 at Soledad Flow,2.5
2026-10-07 15:13:13,Southern District,LAA #2 at Soledad Flow,0.1
2026-10-07 15:13:14,Mono Basin,Mono Lk. Elevation,6381.6
2026-10-07 15:13:14,Mono Basin,Grant Lk. Elevation,7128.6
2026-10-07 15:13:14,Long Valley,Long Valley Elevation,6765.0
2026-10-07 15:13:14,Northern Owens Valley,Pleasant Valley Elevation,4383.3
2026-10-07 15:13:14,Southern Owens Valley,LAA at Alabama Level,6.0
2026-10-07 15:13:14,Southern Owens Valley,LAA at Alabama Water Temp,67.5
2026-10-07 15:13:14,Southern Owens Valley,LAA at Cottonwood Level,6.1
2026-10-07 15:13:14,Southern Owens Valley,LAA at Cotton. Water Temp,68.2
2026-10-07 15:13:14,Southern Owens Valley,N. Haiwee Elevation,3757.0
2026-10-07 15:13:14,Southern Owens Valley,S. Haiwee Reservoir Elevation,3722.7
2026-10-07 15:13:14,Southern District,S. Haiwee Reservoir Elevation,3722.7
2026-10-07 15:13:14,Southern District,Fairmont Reservoir Elevation,3015.4
2026-10-07 15:13:14,Southern District,Bouquet Reservoir Elevation,2978.2
2026-10-07 15:28:13,Mono Basin,Lee Vining Intake Above Flow,49.2
2026-10-07 15:28:13,Mono Basin,Lee Vining Intake Below Flow,16.4
2026-10-07 15:28:13,Mono Basin,Walker Ck. Above Conduit Flow,3.0
2026-10-07 15:28:13,Mono Basin,L.V. Conduit Below Intake Flow,32.3
2026-10-07 15:28:13,Mono Basin,Walker Ck. Under Conduit Flow,3.0
2026-10-07 15:28:13,Mono Basin,Parker Ck. Under Conduit Flow,5.0
2026-10-07 15:28:13,Mono Basin,Parker Ck. Above Conduit Flow,5.0
2026-10-07 15:28:13,Mono Basin,Grant Lk. Spill Flow,0.0
2026-10-07 15:28:13,Mono Basin,Mono Gate 1 Return Ditch Flow,26.3
2026-10-07 15:28:13,Mono Basin,Grant Lk. Outflow,36.3
2026-10-07 15:28:13,Mono Basin,Rush Ck. at Damsite Flow,36.1
2026-10-07 15:28:13,Mono Basin,Flow to West Portal,13.3
2026-10-07 15:28:13,Long Valley,East Portal Flow,25.0
2026-10-07 15:28:13,Long Valley,OR Below EP Flow,71.0
2026-10-07 15:28:13,Long Valley,Hot Ck.at Hwy. Flow,5.0
2026-10-07 15:28:13,Long Valley,McGee Ck. Lower Sta. Flow,7.7
2026-10-07 15:28:13,Long Valley,Long Valley Current Outflow,43.7
2026-10-07 15:28:13,Long Valley,Rock Ck. Div. Flow,0.0
2026-10-07 15:28:13,Long Valley,Upper Gorge Total Release,41.1
2026-10-07 15:28:13,Long Valley,Release at Middle Gorge,0.0
2026-10-07 15:28:13,Northern Owens Valley,Rock Ck. At Owens River (PV) Flow,31.6
2026-10-07 15:28:13,Northern Owens Valley,Pleasant Valley Outflow,268.6
2026-10-07 15:28:13,Northern Owens Valley,Baker Ck. At LA Station Flow,6.1
2026-10-07 15:28:13,Northern Owens Valley,Big Pine Ck. USGS Flow,23.5
2026-10-07 15:28:13,Northern Owens Valley,O.R. Below Big Pine,286.2
2026-10-07 15:28:13,Northern Owens Valley,Fish Springs At RR Flow,40.1
2026-10-07 15:28:13,Northern Owens Valley,Tinemaha Reservoir Outflow,275.3
2026-10-07 15:28:13,Northern Owens Valley,Bishop Creek Through Plant 6,50.7
2026-10-07 15:28:13,Northern Owens Valley,Bishop Creek Around Plant 6,6.4
2026-10-07 15:28:13,Southern Owens Valley,Tinemaha Reservoir Outflow,275.3
2026-10-07 15:28:13,Southern Owens Valley,Indep. Ck. At Junction Flow,2.5
2026-10-07 15:28:13,Southern Owens Valley,LAA at Alabama Flow,245.0
2026-10-07 15:28:13,Southern Owens Valley,Cottonwood Ck. At LAA Flow,0.0
2026-10-07 15:28:13,Southern Owens Valley,LAA at Cottonwood Flow,221.0
2026-10-07 15:28:13,Southern Owens Valley,Haiwee LAA #1 Current Flow,0.0
2026-10-07 15:28:13,Southern Owens Valley,Haiwee LAA #2 Current Flow,3.3
2026-10-07 15:28:13,Southern Owens Valley,Reinhackel Flow,2.8
2026-10-07 15:28:13,Southern Owens Valley,Lubkin Spillgate Outflow,38.5
2026-10-07 15:28:13,Southern Owens Valley,Cartago Spillgate Outflow,87.5
2026-10-07 15:28:13,Southern Owens Valley,Lone Pine Creek Flow,4.4
2026-10-07 15:28:13,Lower Owens River Project,LORP Intake Flow,68.0
2026-10-07 15:28:13,Lower Owens River Project,LORP at Mazourka Canyon Road,0.0
2026-10-07 15:28:13,Lower Owens River Project,LORP at Reinhackle Springs,63.0
2026-10-07 15:28:13,Lower Owens River Project,LORP Above Pumpstation,60.0
2026-10-07 15:28:13,Lower Owens River Project,LORP At Pump Station Discharge Flow,48.0
2026-10-07 15:28:13,Southern District,Haiwee LAA #2 Current Flow,3.3
2026-10-07 15:28:13,Southern District,Haiwee LAA #1 Current Flow,0.0
2026-10-07 15:28:13,Southern District,LAA #1 Flow at Fairmont Reservoir,5.4
2026-10-07 15:28:13,Southern District,LAA #2 Flow at Fairmont Res.,0.0
2026-10-07 15:28:13,Southern District,Bouquet Reservoir Inflow,0.0
2026-10-07 15:28:13,Southern District,Bouquet Reservoir Outflow,0.5
2026-10-07 15:28:13,Southern District,LAA #1 at Soledad Flow,2.5
2026-10-07 15:28:13,Southern District,LAA #2 at Soledad Flow,0.1
2026-10-07 15:28:14,Northern Owens Valley,Tinemaha Elevation,3861.1
2026-10-07 15:28:14,Southern Owens Valley,Tinemaha Elevation,3861.1
2026-10-07 15:28:14,Mono Basin,Mono Lk. Elevation,6381.6
2026-10-07 15:28:14,Mono Basin,Grant Lk. Elevation,7128.6
2026-10-07 15:28:14,Long Valley,Long Valley Elevation,6765.0
2026-10-07 15:28:14,Northern Owens Valley,Pleasant Valley Elevation,4383.3
2026-10-07 15:28:14,Southern Owens Valley,LAA at Alabama Level,6.0
2026-10-07 15:28:14,Southern Owens Valley,LAA at Alabama Water Temp,67.5
2026-10-07 15:28:14,Southern Owens Valley,LAA at Cottonwood Level,6.1
2026-10-07 15:28:14,Southern Owens Valley,LAA at Cotton. Water Temp,68.2
2026-10-07 15:28:14,Southern Owens Valley,N. Haiwee Elevation,3757.0
2026-10-07 15:28:14,Southern Owens Valley,S. Haiwee Reservoir Elevation,3722.7
2026-10-07 15:28:14,Southern District,S. Haiwee Reservoir Elevation,3722.7
2026-10-07 15:28:14,Southern District,Fairmont Reservoir Elevation,3015.4
2026-10-07 15:28:14,Southern District,Bouquet Reservoir Elevation,2978.2
2026-10-07 15:43:13,Mono Basin,Lee Vining Intake Above Flow,49.2
2026-10-07 15:43:13,Mono Basin,Lee Vining Intake Below Flow,16.4
2026-10-07 15:43:13,Mono Basin,Walker Ck. Above Conduit Flow,3.0
2026-10-07 15:43:13,Mono Basin,L.V. Conduit Below Intake Flow,32.3
2026-10-07 15:43:13,Mono Basin,Walker Ck. Under Conduit Flow,3.0
2026-10-07 15:43:13,Mono Basin,Parker Ck. Under Conduit Flow,5.0
2026-10-07 15:43:13,Mono Basin,Parker Ck. Above Conduit Flow,5.0
2026-10-07 15:43:13,Mono Basin,Grant Lk. Spill Flow,0.0
2026-10-07 15:43:13,Mono Basin,Mono Gate 1 Return Ditch Flow,26.3
2026-10-07 15:43:13,Mono Basin,Grant Lk. Outflow,36.3
2026-10-07 15:43:13,Mono Basin,Rush Ck. at Damsite Flow,36.1
2026-10-07 15:43:13,Mono Basin,Flow to West Portal,13.3
2026-10-07 15:43:13,Long Valley,East Portal Flow,25.0
2026-10-07 15:43:13,Long Valley,OR Below EP Flow,71.0
2026-10-07 15:43:13,Long Valley,Hot Ck.at Hwy. Flow,5.0
2026-10-07 15:43:13,Long Valley,McGee Ck. Lower Sta. Flow,7.7
2026-10-07 15:43:13,Long Valley,Long Valley Current Outflow,43.7
2026-10-07 15:43:13,Long Valley,Rock Ck. Div. Flow,0.0
2026-10-07 15:43:13,Long Valley,Upper Gorge Total Release,41.7
2026-10-07 15:43:13,Long Valley,Release at Middle Gorge,0.0
2026-10-07 15:43:13,Northern Owens Valley,Rock Ck. At Owens River (PV) Flow,31.6
2026-10-07 15:43:13,Northern Owens Valley,Pleasant Valley Outflow,268.7
2026-10-07 15:43:13,Northern Owens Valley,Baker Ck. At LA Station Flow,6.1
2026-10-07 15:43:13,Northern Owens Valley,Big Pine Ck. USGS Flow,23.2
2026-10-07 15:43:13,Northern Owens Valley,O.R. Below Big Pine,285.6
2026-10-07 15:43:13,Northern Owens Valley,Fish Springs At RR Flow,40.1
2026-10-07 15:43:13,Northern Owens Valley,Tinemaha Reservoir Outflow,275.3
2026-10-07 15:43:13,Northern Owens Valley,Bishop Creek Through Plant 6,50.2
2026-10-07 15:43:13,Northern Owens Valley,Bishop Creek Around Plant 6,6.5
2026-10-07 15:43:13,Southern Owens Valley,Tinemaha Reservoir Outflow,275.3
2026-10-07 15:43:13,Southern Owens Valley,Indep. Ck. At Junction Flow,2.5
2026-10-07 15:43:13,Southern Owens Valley,LAA at Alabama Flow,245.0
2026-10-07 15:43:13,Southern Owens Valley,Cottonwood Ck. At LAA Flow,0.0
2026-10-07 15:43:13,Southern Owens Valley,LAA at Cottonwood Flow,221.0
2026-10-07 15:43:13,Southern Owens Valley,Haiwee LAA #1 Current Flow,0.0
2026-10-07 15:43:13,Southern Owens Valley,Haiwee LAA #2 Current Flow,3.3
2026-10-07 15:43:13,Southern Owens Valley,Reinhackel Flow,2.8
2026-10-07 15:43:13,Southern Owens Valley,Lubkin Spillgate Outflow,38.5
2026-10-07 15:43:13,Southern Owens Valley,Cartago Spillgate Outflow,82.2
2026-10-07 15:43:13,Southern Owens Valley,Lone Pine Creek Flow,4.5
2026-10-07 15:43:13,Lower Owens River Project,LORP Intake Flow,68.0
2026-10-07 15:43:13,Lower Owens River Project,LORP at Mazourka Canyon Road,0.0
2026-10-07 15:43:13,Lower Owens River Project,LORP at Reinhackle Springs,63.0
2026-10-07 15:43:13,Lower Owens River Project,LORP Above Pumpstation,60.0
2026-10-07 15:43:13,Lower Owens River Project,LORP At Pump Station Discharge Flow,48.0
2026-10-07 15:43:13,Southern District,Haiwee LAA #2 Current Flow,3.3
2026-10-07 15:43:13,Southern District,Haiwee LAA #1 Current Flow,0.0
2026-10-07 15:43:13,Southern District,LAA #1 Flow at Fairmont Reservoir,5.6
2026-10-07 15:43:13,Southern District,LAA #2 Flow at Fairmont Res.,0.0
2026-10-07 15:43:13,Southern District,Bouquet Reservoir Inflow,0.0
2026-10-07 15:43:13,Southern District,Bouquet Reservoir Outflow,0.5
2026-10-07 15:43:13,Southern District,LAA #1 at Soledad Flow,2.5
2026-10-07 15:43:13,Southern District,LAA #2 at Soledad Flow,0.1
2026-10-07 15:43:14,Mono Basin,Mono Lk. Elevation,6381.6
2026-10-07 15:43:14,Mono Basin,Grant Lk. Elevation,7128.6
2026-10-07 15:43:14,Long Valley,Long Valley Elevation,6765.0
2026-10-07 15:43:14,Northern Owens Valley,Pleasant Valley Elevation,4383.2
2026-10-07 15:43:14,Southern Owens Valley,LAA at Alabama Level,6.0
2026-10-07 15:43:14,Southern Owens Valley,LAA at Alabama Water Temp,67.5
2026-10-07 15:43:14,Southern Owens Valley,LAA at Cottonwood Level,6.1
2026-10-07 15:43:14,Southern Owens Valley,LAA at Cotton. Water Temp,68.4
2026-10-07 15:43:14,Southern Owens Valley,N. Haiwee Elevation,3757.0
2026-10-07 15:43:14,Southern Owens Valley,S. Haiwee Reservoir Elevation,3722.7
2026-10-07 15:43:14,Southern District,S. Haiwee Reservoir Elevation,3722.7
2026-10-07 15:43:14,Southern District,Fairmont Reservoir Elevation,3015.4
2026-10-07 15:43:14,Southern District,Bouquet Reservoir Elevation,2978.2
2026-10-07 15:58:13,Mono Basin,Lee Vining Intake Above Flow,48.7
2026-10-07 15:58:13,Mono Basin,Lee Vining Intake Below Flow,16.3
2026-10-07 15:58:13,Mono Basin,Walker Ck. Above Conduit Flow,3.0
2026-10-07 15:58:13,Mono Basin,L.V. Conduit Below Intake Flow,32.1
2026-10-07 15:58:13,Mono Basin,Walker Ck. Under Conduit Flow,3.0
2026-10-07 15:58:13,Mono Basin,Parker Ck. Under Conduit Flow,5.0
2026-10-07 15:58:13,Mono Basin,Parker Ck. Above Conduit Flow,5.0
2026-10-07 15:58:13,Mono Basin,Grant Lk. Spill Flow,0.0
2026-10-07 15:58:13,Mono Basin,Mono Gate 1 Return Ditch Flow,26.3
2026-10-07 15:58:13,Mono Basin,Grant Lk. Outflow,36.3
2026-10-07 15:58:13,Mono Basin,Rush Ck. at Damsite Flow,36.1
2026-10-07 15:58:13,Mono Basin,Flow to West Portal,13.3
2026-10-07 15:58:13,Long Valley,East Portal Flow,25.0
2026-10-07 15:58:13,Long Valley,OR Below EP Flow,71.0
2026-10-07 15:58:13,Long Valley,Hot Ck.at Hwy. Flow,5.0
2026-10-07 15:58:13,Long Valley,McGee Ck. Lower Sta. Flow,7.7
2026-10-07 15:58:13,Long Valley,Long Valley Current Outflow,94.5
2026-10-07 15:58:13,Long Valley,Rock Ck. Div. Flow,0.0
2026-10-07 15:58:13,Long Valley,Upper Gorge Total Release,41.2
2026-10-07 15:58:13,Long Valley,Release at Middle Gorge,0.0
2026-10-07 15:58:13,Northern Owens Valley,Rock Ck. At Owens River (PV) Flow,31.6
2026-10-07 15:58:13,Northern Owens Valley,Pleasant Valley Outflow,267.8
2026-10-07 15:58:13,Northern Owens Valley,Baker Ck. At LA Station Flow,6.1
2026-10-07 15:58:13,Northern Owens Valley,Big Pine Ck. USGS Flow,23.2
2026-10-07 15:58:13,Northern Owens Valley,O.R. Below Big Pine,284.8
2026-10-07 15:58:13,Northern Owens Valley,Fish Springs At RR Flow,40.1
2026-10-07 15:58:13,Northern Owens Valley,Tinemaha Reservoir Outflow,275.3
2026-10-07 15:58:13,Northern Owens Valley,Bishop Creek Through Plant 6,50.2
2026-10-07 15:58:13,Northern Owens Valley,Bishop Creek Around Plant 6,6.5
2026-10-07 15:58:13,Southern Owens Valley,Tinemaha Reservoir Outflow,275.3
2026-10-07 15:58:13,Southern Owens Valley,Indep. Ck. At Junction Flow,2.5
2026-10-07 15:58:13,Southern Owens Valley,LAA at Alabama Flow,245.0
2026-10-07 15:58:13,Southern Owens Valley,Cottonwood Ck. At LAA Flow,0.0
2026-10-07 15:58:13,Southern Owens Valley,LAA at Cottonwood Flow,221.0
2026-10-07 15:58:13,Southern Owens Valley,Haiwee LAA #1 Current Flow,0.0
2026-10-07 15:58:13,Southern Owens Valley,Haiwee LAA #2 Current Flow,3.3
2026-10-07 15:58:13,Southern Owens Valley,Reinhackel Flow,2.8
2026-10-07 15:58:13,Southern Owens Valley,Lubkin Spillgate Outflow,29.2
2026-10-07 15:58:13,Southern Owens Valley,Cartago Spillgate Outflow,76.6
2026-10-07 15:58:13,Southern Owens Valley,Lone Pine Creek Flow,4.5
2026-10-07 15:58:13,Lower Owens River Project,LORP Intake Flow,68.0
2026-10-07 15:58:13,Lower Owens River Project,LORP at Mazourka Canyon Road,0.0
2026-10-07 15:58:13,Lower Owens River Project,LORP at Reinhackle Springs,63.0
2026-10-07 15:58:13,Lower Owens River Project,LORP Above Pumpstation,59.0
2026-10-07 15:58:13,Lower Owens River Project,LORP At Pump Station Discharge Flow,48.0
2026-10-07 15:58:13,Southern District,Haiwee LAA #2 Current Flow,3.3
2026-10-07 15:58:13,Southern District,Haiwee LAA #1 Current Flow,0.0
2026-10-07 15:58:13,Southern District,LAA #1 Flow at Fairmont Reservoir,6.1
2026-10-07 15:58:13,Southern District,LAA #2 Flow at Fairmont Res.,0.0
2026-10-07 15:58:13,Southern District,Bouquet Reservoir Inflow,0.0
2026-10-07 15:58:13,Southern District,Bouquet Reservoir Outflow,0.5
2026-10-07 15:58:13,Southern District,LAA #1 at Soledad Flow,2.5
2026-10-07 15:58:13,Southern District,LAA #2 at Soledad Flow,0.1
2026-10-07 15:58:14,Northern Owens Valley,Tinemaha Elevation,3861.1
2026-10-07 15:58:14,Southern Owens Valley,Tinemaha Elevation,3861.1
2026-10-07 15:58:14,Mono Basin,Mono Lk. Elevation,6381.6
2026-10-07 15:58:14,Mono Basin,Grant Lk. Elevation,7128.6
2026-10-07 15:58:14,Long Valley,Long Valley Elevation,6765.0
2026-10-07 15:58:14,Northern Owens Valley,Pleasant Valley Elevation,4383.2
2026-10-07 15:58:14,Southern Owens Valley,LAA at Alabama Level,6.0
2026-10-07 15:58:14,Southern Owens Valley,LAA at Alabama Water Temp,67.5
2026-10-07 15:58:14,Southern Owens Valley,LAA at Cottonwood Level,6.1
2026-10-07 15:58:14,Southern Owens Valley,LAA at Cotton. Water Temp,68.4
2026-10-07 15:58:14,Southern Owens Valley,N. Haiwee Elevation,3757.0
2026-10-07 15:58:14,Southern Owens Valley,S. Haiwee Reservoir Elevation,3722.7
2026-10-07 15:58:14,Southern District,S. Haiwee Reservoir Elevation,3722.7
2026-10-07 15:58:14,Southern District,Fairmont Reservoir Elevation,3015.4
2026-10-07 15:58:14,Southern District,Bouquet Reservoir Elevation,2978.2
2026-10-07 16:13:13,Mono Basin,Lee Vining Intake Above Flow,48.7
2026-10-07 16:13:13,Mono Basin,Lee Vining Intake Below Flow,16.3
2026-10-07 16:13:13,Mono Basin,Walker Ck. Above Conduit Flow,3.0
2026-10-07 16:13:13,Mono Basin,L.V. Conduit Below Intake Flow,32.1
2026-10-07 16:13:13,Mono Basin,Walker Ck. Under Conduit Flow,3.0
2026-10-07 16:13:13,Mono Basin,Parker Ck. Under Conduit Flow,5.0
2026-10-07 16:13:13,Mono Basin,Parker Ck. Above Conduit Flow,5.0
2026-10-07 16:13:13,Mono Basin,Grant Lk. Spill Flow,0.0
2026-10-07 16:13:13,Mono Basin,Mono Gate 1 Return Ditch Flow,26.3
2026-10-07 16:13:13,Mono Basin,Grant Lk. Outflow,36.3
2026-10-07 16:13:13,Mono Basin,Rush Ck. at Damsite Flow,36.1
2026-10-07 16:13:13,Mono Basin,Flow to West Portal,13.3
2026-10-07 16:13:13,Long Valley,East Portal Flow,25.0
2026-10-07 16:13:13,Long Valley,OR Below EP Flow,72.0
2026-10-07 16:13:13,Long Valley,Hot Ck.at Hwy. Flow,5.0
2026-10-07 16:13:13,Long Valley,McGee Ck. Lower Sta. Flow,7.7
2026-10-07 16:13:13,Long Valley,Long Valley Current Outflow,225.2
2026-10-07 16:13:13,Long Valley,Rock Ck. Div. Flow,0.0
2026-10-07 16:13:13,Long Valley,Upper Gorge Total Release,41.0
2026-10-07 16:13:13,Long Valley,Release at Middle Gorge,0.0
2026-10-07 16:13:13,Northern Owens Valley,Rock Ck. At Owens River (PV) Flow,31.6
2026-10-07 16:13:13,Northern Owens Valley,Pleasant Valley Outflow,268.1
2026-10-07 16:13:13,Northern Owens Valley,Baker Ck. At LA Station Flow,6.1
2026-10-07 16:13:13,Northern Owens Valley,Big Pine Ck. USGS Flow,23.2
2026-10-07 16:13:13,Northern Owens Valley,O.R. Below Big Pine,284.4
2026-10-07 16:13:13,Northern Owens Valley,Fish Springs At RR Flow,40.1
2026-10-07 16:13:13,Northern Owens Valley,Tinemaha Reservoir Outflow,275.3
2026-10-07 16:13:13,Northern Owens Valley,Bishop Creek Through Plant 6,50.2
2026-10-07 16:13:13,Northern Owens Valley,Bishop Creek Around Plant 6,6.5
2026-10-07 16:13:13,Southern Owens Valley,Tinemaha Reservoir Outflow,275.3
2026-10-07 16:13:13,Southern Owens Valley,Indep. Ck. At Junction Flow,2.5
2026-10-07 16:13:13,Southern Owens Valley,LAA at Alabama Flow,245.0
2026-10-07 16:13:13,Southern Owens Valley,Cottonwood Ck. At LAA Flow,1.0
2026-10-07 16:13:13,Southern Owens Valley,LAA at Cottonwood Flow,221.0
2026-10-07 16:13:13,Southern Owens Valley,Haiwee LAA #1 Current Flow,0.0
2026-10-07 16:13:13,Southern Owens Valley,Haiwee LAA #2 Current Flow,3.3
2026-10-07 16:13:13,Southern Owens Valley,Reinhackel Flow,2.8
2026-10-07 16:13:13,Southern Owens Valley,Lubkin Spillgate Outflow,32.8
2026-10-07 16:13:13,Southern Owens Valley,Cartago Spillgate Outflow,68.3
2026-10-07 16:13:13,Southern Owens Valley,Lone Pine Creek Flow,4.4
2026-10-07 16:13:13,Lower Owens River Project,LORP Intake Flow,68.0
2026-10-07 16:13:13,Lower Owens River Project,LORP at Mazourka Canyon Road,0.0
2026-10-07 16:13:13,Lower Owens River Project,LORP at Reinhackle Springs,63.0
2026-10-07 16:13:13,Lower Owens River Project,LORP Above Pumpstation,62.0
2026-10-07 16:13:13,Lower Owens River Project,LORP At Pump Station Discharge Flow,50.0
2026-10-07 16:13:13,Southern District,Haiwee LAA #2 Current Flow,3.3
2026-10-07 16:13:13,Southern District,Haiwee LAA #1 Current Flow,0.0
2026-10-07 16:13:13,Southern District,LAA #1 Flow at Fairmont Reservoir,5.2
2026-10-07 16:13:13,Southern District,LAA #2 Flow at Fairmont Res.,0.0
2026-10-07 16:13:13,Southern District,Bouquet Reservoir Inflow,0.0
2026-10-07 16:13:13,Southern District,Bouquet Reservoir Outflow,0.5
2026-10-07 16:13:13,Southern District,LAA #1 at Soledad Flow,2.5
2026-10-07 16:13:13,Southern District,LAA #2 at Soledad Flow,0.1
2026-10-07 16:13:14,Mono Basin,Mono Lk. Elevation,6381.6
2026-10-07 16:13:14,Mono Basin,Grant Lk. Elevation,7128.6
2026-10-07 16:13:14,Long Valley,Long Valley Elevation,6765.0
2026-10-07 16:13:14,Northern Owens Valley,Pleasant Valley Elevation,4383.2
2026-10-07 16:13:14,Southern Owens Valley,LAA at Alabama Level,6.0
2026-10-07 16:13:14,Southern Owens Valley,LAA at Alabama Water Temp,67.8
2026-10-07 16:13:14,Southern Owens Valley,LAA at Cottonwood Level,6.1
2026-10-07 16:13:14,Southern Owens Valley,LAA at Cotton. Water Temp,68.5
2026-10-07 16:13:14,Southern Owens Valley,N. Haiwee Elevation,3757.0
2026-10-07 16:13:14,Southern Owens Valley,S. Haiwee Reservoir Elevation,3722.7
2026-10-07 16:13:14,Southern District,S. Haiwee Reservoir Elevation,3722.7
2026-10-07 16:13:14,Southern District,Fairmont Reservoir Elevation,3015.4
2026-10-07 16:13:14,Southern District,Bouquet Reservoir Elevation,2978.2
2026-10-07 16:28:13,Mono Basin,Lee Vining Intake Above Flow,48.7
2026-10-07 16:28:13,Mono Basin,Lee Vining Intake Below Flow,16.3
2026-10-07 16:28:13,Mono Basin,Walker Ck. Above Conduit Flow,3.0
2026-10-07 16:28:13,Mono Basin,L.V. Conduit Below Intake Flow,32.1
2026-10-07 16:28:13,Mono Basin,Walker Ck. Under Conduit Flow,3.0
2026-10-07 16:28:13,Mono Basin,Parker Ck. Under Conduit Flow,5.0
2026-10-07 16:28:13,Mono Basin,Parker Ck. Above Conduit Flow,5.0
2026-10-07 16:28:13,Mono Basin,Grant Lk. Spill Flow,0.0
2026-10-07 16:28:13,Mono Basin,Mono Gate 1 Return Ditch Flow,26.3
2026-10-07 16:28:13,Mono Basin,Grant Lk. Outflow,36.2
2026-10-07 16:28:13,Mono Basin,Rush Ck. at Damsite Flow,36.1
2026-10-07 16:28:13,Mono Basin,Flow to West Portal,13.3
2026-10-07 16:28:13,Long Valley,East Portal Flow,25.0
2026-10-07 16:28:13,Long Valley,OR Below EP Flow,72.0
2026-10-07 16:28:13,Long Valley,Hot Ck.at Hwy. Flow,5.0
2026-10-07 16:28:13,Long Valley,McGee Ck. Lower Sta. Flow,7.7
2026-10-07 16:28:13,Long Valley,Long Valley Current Outflow,298.2
2026-10-07 16:28:13,Long Valley,Rock Ck. Div. Flow,0.0
2026-10-07 16:28:13,Long Valley,Upper Gorge Total Release,40.6
2026-10-07 16:28:13,Long Valley,Release at Middle Gorge,0.0
2026-10-07 16:28:13,Northern Owens Valley,Rock Ck. At Owens River (PV) Flow,31.6
2026-10-07 16:28:13,Northern Owens Valley,Pleasant Valley Outflow,267.8
2026-10-07 16:28:13,Northern Owens Valley,Baker Ck. At LA Station Flow,6.1
2026-10-07 16:28:13,Northern Owens Valley,Big Pine Ck. USGS Flow,23.2
2026-10-07 16:28:13,Northern Owens Valley,O.R. Below Big Pine,283.9
2026-10-07 16:28:13,Northern Owens Valley,Fish Springs At RR Flow,40.1
2026-10-07 16:28:13,Northern Owens Valley,Tinemaha Reservoir Outflow,275.3
2026-10-07 16:28:13,Northern Owens Valley,Bishop Creek Through Plant 6,50.2
2026-10-07 16:28:13,Northern Owens Valley,Bishop Creek Around Plant 6,6.5
2026-10-07 16:28:13,Southern Owens Valley,Tinemaha Reservoir Outflow,275.3
2026-10-07 16:28:13,Southern Owens Valley,Indep. Ck. At Junction Flow,2.5
2026-10-07 16:28:13,Southern Owens Valley,LAA at Alabama Flow,245.0
2026-10-07 16:28:13,Southern Owens Valley,LAA at Alabama Water Temp,67.8
2026-10-07 16:28:13,Southern Owens Valley,Cottonwood Ck. At LAA Flow,1.0
2026-10-07 16:28:13,Southern Owens Valley,LAA at Cottonwood Flow,221.0
2026-10-07 16:28:13,Southern Owens Valley,LAA at Cotton. Water Temp,68.5
2026-10-07 16:28:13,Southern Owens Valley,Haiwee LAA #1 Current Flow,0.0
2026-10-07 16:28:13,Southern Owens Valley,Haiwee LAA #2 Current Flow,3.3
2026-10-07 16:28:13,Southern Owens Valley,Reinhackel Flow,2.8
2026-10-07 16:28:13,Southern Owens Valley,Lubkin Spillgate Outflow,30.4
2026-10-07 16:28:13,Southern Owens Valley,Cartago Spillgate Outflow,74.2
2026-10-07 16:28:13,Southern Owens Valley,Lone Pine Creek Flow,4.4
2026-10-07 16:28:13,Lower Owens River Project,LORP Intake Flow,68.0
2026-10-07 16:28:13,Lower Owens River Project,LORP at Mazourka Canyon Road,0.0
2026-10-07 16:28:13,Lower Owens River Project,LORP at Reinhackle Springs,67.0
2026-10-07 16:28:13,Lower Owens River Project,LORP Above Pumpstation,58.0
2026-10-07 16:28:13,Lower Owens River Project,LORP At Pump Station Discharge Flow,46.0
2026-10-07 16:28:13,Southern District,Haiwee LAA #2 Current Flow,3.3
2026-10-07 16:28:13,Southern District,Haiwee LAA #1 Current Flow,0.0
2026-10-07 16:28:13,Southern District,LAA #1 Flow at Fairmont Reservoir,6.0
2026-10-07 16:28:13,Southern District,LAA #2 Flow at Fairmont Res.,0.0
2026-10-07 16:28:13,Southern District,Bouquet Reservoir Inflow,0.0
2026-10-07 16:28:13,Southern District,Bouquet Reservoir Outflow,0.5
2026-10-07 16:28:13,Southern District,LAA #1 at Soledad Flow,2.5
2026-10-07 16:28:13,Southern District,LAA #2 at Soledad Flow,0.1
2026-10-07 16:28:14,Northern Owens Valley,Tinemaha Elevation,3861.2
2026-10-07 16:28:14,Southern Owens Valley,Tinemaha Elevation,3861.2
2026-10-07 16:28:14,Mono Basin,Mono Lk. Elevation,6381.6
2026-10-07 16:28:14,Mono Basin,Grant Lk. Elevation,7128.6
2026-10-07 16:28:14,Long Valley,Long Valley Elevation,6765.0
2026-10-07 16:28:14,Northern Owens Valley,Pleasant Valley Elevation,4383.1
2026-10-07 16:28:14,Southern Owens Valley,LAA at Alabama Level,6.0
2026-10-07 16:28:14,Southern Owens Valley,LAA at Cottonwood Level,6.1
2026-10-07 16:28:14,Southern Owens Valley,N. Haiwee Elevation,3757.0
2026-10-07 16:28:14,Southern Owens Valley,S. Haiwee Reservoir Elevation,3722.7
2026-10-07 16:28:14,Southern District,S. Haiwee Reservoir Elevation,3722.7
2026-10-07 16:28:14,Southern District,Fairmont Reservoir Elevation,3015.4
2026-10-07 16:28:14,Southern District,Bouquet Reservoir Elevation,2978.2
2026-10-07 16:43:13,Mono Basin,Lee Vining Intake Above Flow,48.7
2026-10-07 16:43:13,Mono Basin,Lee Vining Intake Below Flow,16.3
2026-10-07 16:43:13,Mono Basin,Walker Ck. Above Conduit Flow,3.0
2026-10-07 16:43:13,Mono Basin,L.V. Conduit Below Intake Flow,32.1
2026-10-07 16:43:13,Mono Basin,Walker Ck. Under Conduit Flow,3.0
2026-10-07 16:43:13,Mono Basin,Parker Ck. Under Conduit Flow,5.0
2026-10-07 16:43:13,Mono Basin,Parker Ck. Above Conduit Flow,5.0
2026-10-07 16:43:13,Mono Basin,Grant Lk. Spill Flow,0.0
2026-10-07 16:43:13,Mono Basin,Mono Gate 1 Return Ditch Flow,26.3
2026-10-07 16:43:13,Mono Basin,Grant Lk. Outflow,36.2
2026-10-07 16:43:13,Mono Basin,Rush Ck. at Damsite Flow,36.1
2026-10-07 16:43:13,Mono Basin,Flow to West Portal,13.3
2026-10-07 16:43:13,Long Valley,East Portal Flow,25.0
2026-10-07 16:43:13,Long Valley,OR Below EP Flow,72.0
2026-10-07 16:43:13,Long Valley,Hot Ck.at Hwy. Flow,5.0
2026-10-07 16:43:13,Long Valley,McGee Ck. Lower Sta. Flow,7.7
2026-10-07 16:43:13,Long Valley,Long Valley Current Outflow,298.2
2026-10-07 16:43:13,Long Valley,Rock Ck. Div. Flow,0.0
2026-10-07 16:43:13,Long Valley,Upper Gorge Total Release,40.2
2026-10-07 16:43:13,Long Valley,Release at Middle Gorge,0.0
2026-10-07 16:43:13,Northern Owens Valley,Rock Ck. At Owens River (PV) Flow,31.6
2026-10-07 16:43:13,Northern Owens Valley,Pleasant Valley Outflow,268.2
2026-10-07 16:43:13,Northern Owens Valley,Baker Ck. At LA Station Flow,6.1
2026-10-07 16:43:13,Northern Owens Valley,Big Pine Ck. USGS Flow,23.2
2026-10-07 16:43:13,Northern Owens Valley,O.R. Below Big Pine,283.2
2026-10-07 16:43:13,Northern Owens Valley,Fish Springs At RR Flow,40.1
2026-10-07 16:43:13,Northern Owens Valley,Tinemaha Reservoir Outflow,275.3
2026-10-07 16:43:13,Northern Owens Valley,Bishop Creek Through Plant 6,50.2
2026-10-07 16:43:13,Northern Owens Valley,Bishop Creek Around Plant 6,6.5
2026-10-07 16:43:13,Southern Owens Valley,Tinemaha Reservoir Outflow,275.3
2026-10-07 16:43:13,Southern Owens Valley,Indep. Ck. At Junction Flow,2.5
2026-10-07 16:43:13,Southern Owens Valley,LAA at Alabama Flow,245.0
2026-10-07 16:43:13,Southern Owens Valley,LAA at Alabama Level,6.0
2026-10-07 16:43:13,Southern Owens Valley,LAA at Alabama Water Temp,67.8
2026-10-07 16:43:13,Southern Owens Valley,Cottonwood Ck. At LAA Flow,2.0
2026-10-07 16:43:13,Southern Owens Valley,LAA at Cottonwood Flow,221.0
2026-10-07 16:43:13,Southern Owens Valley,LAA at Cottonwood Level,6.1
2026-10-07 16:43:13,Southern Owens Valley,LAA at Cotton. Water Temp,68.5
2026-10-07 16:43:13,Southern Owens Valley,Haiwee LAA #1 Current Flow,0.0
2026-10-07 16:43:13,Southern Owens Valley,Haiwee LAA #2 Current Flow,3.3
2026-10-07 16:43:13,Southern Owens Valley,Reinhackel Flow,2.8
2026-10-07 16:43:13,Southern Owens Valley,Lubkin Spillgate Outflow,40.3
2026-10-07 16:43:13,Southern Owens Valley,Cartago Spillgate Outflow,82.0
2026-10-07 16:43:13,Southern Owens Valley,Lone Pine Creek Flow,4.4
2026-10-07 16:43:13,Lower Owens River Project,LORP Intake Flow,68.0
2026-10-07 16:43:13,Lower Owens River Project,LORP at Mazourka Canyon Road,0.0
2026-10-07 16:43:13,Lower Owens River Project,LORP at Reinhackle Springs,67.0
2026-10-07 16:43:13,Lower Owens River Project,LORP Above Pumpstation,59.0
2026-10-07 16:43:13,Lower Owens River Project,LORP At Pump Station Discharge Flow,48.0
2026-10-07 16:43:13,Southern District,Haiwee LAA #2 Current Flow,3.3
2026-10-07 16:43:13,Southern District,Haiwee LAA #1 Current Flow,0.0
2026-10-07 16:43:13,Southern District,LAA #1 Flow at Fairmont Reservoir,5.6
2026-10-07 16:43:13,Southern District,LAA #2 Flow at Fairmont Res.,0.0
2026-10-07 16:43:13,Southern District,Bouquet Reservoir Inflow,0.0
2026-10-07 16:43:13,Southern District,Bouquet Reservoir Outflow,0.5
2026-10-07 16:43:13,Southern District,LAA #1 at Soledad Flow,2.5
2026-10-07 16:43:13,Southern District,LAA #2 at Soledad Flow,0.1
2026-10-07 16:43:14,Mono Basin,Mono Lk. Elevation,6381.6
2026-10-07 16:43:14,Mono Basin,Grant Lk. Elevation,7128.6
2026-10-07 16:43:14,Long Valley,Long Valley Elevation,6765.0
2026-10-07 16:43:14,Northern Owens Valley,Pleasant Valley Elevation,4383.2
2026-10-07 16:43:14,Southern Owens Valley,N. Haiwee Elevation,3757.0
2026-10-07 16:43:14,Southern Owens Valley,S. Haiwee Reservoir Elevation,3722.8
2026-10-07 16:43:14,Southern District,S. Haiwee Reservoir Elevation,3722.8
2026-10-07 16:43:14,Southern District,Fairmont Reservoir Elevation,3015.4
2026-10-07 16:43:14,Southern District,Bouquet Reservoir Elevation,2978.2
2026-10-07 16:58:13,Northern Owens Valley,Tinemaha Elevation,3861.2
2026-10-07 16:58:13,Southern Owens Valley,Tinemaha Elevation,3861.2
2026-10-07 16:58:13,Mono Basin,Lee Vining Intake Above Flow,48.5
2026-10-07 16:58:13,Mono Basin,Lee Vining Intake Below Flow,16.3
2026-10-07 16:58:13,Mono Basin,Mono Lk. Elevation,6381.6
2026-10-07 16:58:13,Mono Basin,Walker Ck. Above Conduit Flow,3.0
2026-10-07 16:58:13,Mono Basin,L.V. Conduit Below Intake Flow,32.2
2026-10-07 16:58:13,Mono Basin,Walker Ck. Under Conduit Flow,3.0
2026-10-07 16:58:13,Mono Basin,Parker Ck. Under Conduit Flow,5.0
2026-10-07 16:58:13,Mono Basin,Parker Ck. Above Conduit Flow,5.0
2026-10-07 16:58:13,Mono Basin,Grant Lk. Spill Flow,0.0
2026-10-07 16:58:13,Mono Basin,Mono Gate 1 Return Ditch Flow,26.3
2026-10-07 16:58:13,Mono Basin,Grant Lk. Elevation,7128.6
2026-10-07 16:58:13,Mono Basin,Grant Lk. Outflow,36.2
2026-10-07 16:58:13,Mono Basin,Rush Ck. at Damsite Flow,36.1
2026-10-07 16:58:13,Mono Basin,Flow to West Portal,13.3
2026-10-07 16:58:13,Long Valley,East Portal Flow,25.0
2026-10-07 16:58:13,Long Valley,OR Below EP Flow,72.0
2026-10-07 16:58:13,Long Valley,Hot Ck.at Hwy. Flow,5.0
2026-10-07 16:58:13,Long Valley,McGee Ck. Lower Sta. Flow,7.7
2026-10-07 16:58:13,Long Valley,Long Valley Elevation,6765.0
2026-10-07 16:58:13,Long Valley,Long Valley Current Outflow,298.2
2026-10-07 16:58:13,Long Valley,Rock Ck. Div. Flow,0.0
2026-10-07 16:58:13,Long Valley,Upper Gorge Total Release,40.1
2026-10-07 16:58:13,Long Valley,Release at Middle Gorge,0.0
2026-10-07 16:58:13,Northern Owens Valley,Rock Ck. At Owens River (PV) Flow,31.6
2026-10-07 16:58:13,Northern Owens Valley,Pleasant Valley Elevation,4383.2
2026-10-07 16:58:13,Northern Owens Valley,Pleasant Valley Outflow,268.5
2026-10-07 16:58:13,Northern Owens Valley,Baker Ck. At LA Station Flow,6.1
2026-10-07 16:58:13,Northern Owens Valley,Big Pine Ck. USGS Flow,23.2
2026-10-07 16:58:13,Northern Owens Valley,O.R. Below Big Pine,282.6
2026-10-07 16:58:13,Northern Owens Valley,Fish Springs At RR Flow,40.1
2026-10-07 16:58:13,Northern Owens Valley,Tinemaha Reservoir Outflow,275.3
2026-10-07 16:58:13,Northern Owens Valley,Bishop Creek Through Plant 6,50.2
2026-10-07 16:58:13,Northern Owens Valley,Bishop Creek Around Plant 6,6.5
2026-10-07 16:58:13,Southern Owens Valley,Tinemaha Reservoir Outflow,275.3
2026-10-07 16:58:13,Southern Owens Valley,Indep. Ck. At Junction Flow,2.5
2026-10-07 16:58:13,Southern Owens Valley,LAA at Alabama Flow,245.0
2026-10-07 16:58:13,Southern Owens Valley,LAA at Alabama Level,6.0
2026-10-07 16:58:13,Southern Owens Valley,LAA at Alabama Water Temp,67.8
2026-10-07 16:58:13,Southern Owens Valley,Cottonwood Ck. At LAA Flow,2.0
2026-10-07 16:58:13,Southern Owens Valley,LAA at Cottonwood Flow,221.0
2026-10-07 16:58:13,Southern Owens Valley,LAA at Cottonwood Level,6.1
2026-10-07 16:58:13,Southern Owens Valley,LAA at Cotton. Water Temp,68.5
2026-10-07 16:58:13,Southern Owens Valley,N. Haiwee Elevation,3757.0
2026-10-07 16:58:13,Southern Owens Valley,S. Haiwee Reservoir Elevation,3722.8
2026-10-07 16:58:13,Southern Owens Valley,Haiwee LAA #1 Current Flow,0.0
2026-10-07 16:58:13,Southern Owens Valley,Haiwee LAA #2 Current Flow,3.3
2026-10-07 16:58:13,Southern Owens Valley,Reinhackel Flow,2.8
2026-10-07 16:58:13,Southern Owens Valley,Lubkin Spillgate Outflow,40.3
2026-10-07 16:58:13,Southern Owens Valley,Cartago Spillgate Outflow,77.3
2026-10-07 16:58:13,Southern Owens Valley,Lone Pine Creek Flow,4.4
2026-10-07 16:58:13,Lower Owens River Project,LORP Intake Flow,68.0
2026-10-07 16:58:13,Lower Owens River Project,LORP at Mazourka Canyon Road,0.0
2026-10-07 16:58:13,Lower Owens River Project,LORP at Reinhackle Springs,67.0
2026-10-07 16:58:13,Lower Owens River Project,LORP Above Pumpstation,59.0
2026-10-07 16:58:13,Lower Owens River Project,LORP At Pump Station Discharge Flow,48.0
2026-10-07 16:58:13,Southern District,Haiwee LAA #2 Current Flow,3.3
2026-10-07 16:58:13,Southern District,S. Haiwee Reservoir Elevation,3722.8
2026-10-07 16:58:13,Southern District,Haiwee LAA #1 Current Flow,0.0
2026-10-07 16:58:13,Southern District,Fairmont Reservoir Elevation,3015.4
2026-10-07 16:58:13,Southern District,LAA #1 Flow at Fairmont Reservoir,5.9
2026-10-07 16:58:13,Southern District,LAA #2 Flow at Fairmont Res.,0.0
2026-10-07 16:58:13,Southern District,Bouquet Reservoir Inflow,0.0
2026-10-07 16:58:13,Southern District,Bouquet Reservoir Outflow,0.5
2026-10-07 16:58:13,Southern District,LAA #1 at Soledad Flow,2.5
2026-10-07 16:58:13,Southern District,LAA #2 at Soledad Flow,0.1
2026-10-07 16:58:14,Southern District,Bouquet Reservoir Elevation,2978.2
2026-10-07 17:13:13,Mono Basin,Lee Vining Intake Above Flow,48.5
2026-10-07 17:13:13,Mono Basin,Lee Vining Intake Below Flow,16.3
2026-10-07 17:13:13,Mono Basin,Mono Lk. Elevation,6381.6
2026-10-07 17:13:13,Mono Basin,Walker Ck. Above Conduit Flow,3.0
2026-10-07 17:13:13,Mono Basin,L.V. Conduit Below Intake Flow,32.2
2026-10-07 17:13:13,Mono Basin,Walker Ck. Under Conduit Flow,3.0
2026-10-07 17:13:13,Mono Basin,Parker Ck. Under Conduit Flow,5.0
2026-10-07 17:13:13,Mono Basin,Parker Ck. Above Conduit Flow,5.0
2026-10-07 17:13:13,Mono Basin,Grant Lk. Spill Flow,0.0
2026-10-07 17:13:13,Mono Basin,Mono Gate 1 Return Ditch Flow,26.3
2026-10-07 17:13:13,Mono Basin,Grant Lk. Elevation,7128.6
2026-10-07 17:13:13,Mono Basin,Grant Lk. Outflow,36.2
2026-10-07 17:13:13,Mono Basin,Rush Ck. at Damsite Flow,36.1
2026-10-07 17:13:13,Mono Basin,Flow to West Portal,13.3
2026-10-07 17:13:13,Long Valley,East Portal Flow,25.0
2026-10-07 17:13:13,Long Valley,OR Below EP Flow,72.0
2026-10-07 17:13:13,Long Valley,Hot Ck.at Hwy. Flow,5.0
2026-10-07 17:13:13,Long Valley,McGee Ck. Lower Sta. Flow,7.7
2026-10-07 17:13:13,Long Valley,Long Valley Elevation,6765.0
2026-10-07 17:13:13,Long Valley,Long Valley Current Outflow,298.2
2026-10-07 17:13:13,Long Valley,Rock Ck. Div. Flow,0.0
2026-10-07 17:13:13,Long Valley,Upper Gorge Total Release,40.1
2026-10-07 17:13:13,Long Valley,Release at Middle Gorge,0.0
2026-10-07 17:13:13,Northern Owens Valley,Rock Ck. At Owens River (PV) Flow,31.6
2026-10-07 17:13:13,Northern Owens Valley,Pleasant Valley Elevation,4383.2
2026-10-07 17:13:13,Northern Owens Valley,Pleasant Valley Outflow,267.3
2026-10-07 17:13:13,Northern Owens Valley,Baker Ck. At LA Station Flow,6.1
2026-10-07 17:13:13,Northern Owens Valley,Big Pine Ck. USGS Flow,23.2
2026-10-07 17:13:13,Northern Owens Valley,O.R. Below Big Pine,281.8
2026-10-07 17:13:13,Northern Owens Valley,Fish Springs At RR Flow,40.1
2026-10-07 17:13:13,Northern Owens Valley,Tinemaha Reservoir Outflow,275.3
2026-10-07 17:13:13,Northern Owens Valley,Bishop Creek Through Plant 6,50.2
2026-10-07 17:13:13,Northern Owens Valley,Bishop Creek Around Plant 6,6.5
2026-10-07 17:13:13,Southern Owens Valley,Tinemaha Reservoir Outflow,275.3
2026-10-07 17:13:13,Southern Owens Valley,Indep. Ck. At Junction Flow,2.5
2026-10-07 17:13:13,Southern Owens Valley,LAA at Alabama Flow,244.0
2026-10-07 17:13:13,Southern Owens Valley,LAA at Alabama Level,6.0
2026-10-07 17:13:13,Southern Owens Valley,LAA at Alabama Water Temp,67.9
2026-10-07 17:13:13,Southern Owens Valley,Cottonwood Ck. At LAA Flow,2.0
2026-10-07 17:13:13,Southern Owens Valley,LAA at Cottonwood Flow,221.0
2026-10-07 17:13:13,Southern Owens Valley,LAA at Cottonwood Level,6.1
2026-10-07 17:13:13,Southern Owens Valley,LAA at Cotton. Water Temp,68.5
2026-10-07 17:13:13,Southern Owens Valley,N. Haiwee Elevation,3757.0
2026-10-07 17:13:13,Southern Owens Valley,S. Haiwee Reservoir Elevation,3722.8
2026-10-07 17:13:13,Southern Owens Valley,Haiwee LAA #1 Current Flow,0.0
2026-10-07 17:13:13,Southern Owens Valley,Haiwee LAA #2 Current Flow,3.3
2026-10-07 17:13:13,Southern Owens Valley,Reinhackel Flow,2.8
2026-10-07 17:13:13,Southern Owens Valley,Lubkin Spillgate Outflow,40.3
2026-10-07 17:13:13,Southern Owens Valley,Cartago Spillgate Outflow,86.8
2026-10-07 17:13:13,Southern Owens Valley,Lone Pine Creek Flow,4.4
2026-10-07 17:13:13,Lower Owens River Project,LORP Intake Flow,68.0
2026-10-07 17:13:13,Lower Owens River Project,LORP at Mazourka Canyon Road,0.0
2026-10-07 17:13:13,Lower Owens River Project,LORP at Reinhackle Springs,67.0
2026-10-07 17:13:13,Lower Owens River Project,LORP Above Pumpstation,59.0
2026-10-07 17:13:13,Lower Owens River Project,LORP At Pump Station Discharge Flow,48.0
2026-10-07 17:13:13,Southern District,Haiwee LAA #2 Current Flow,3.3
2026-10-07 17:13:13,Southern District,S. Haiwee Reservoir Elevation,3722.8
2026-10-07 17:13:13,Southern District,Haiwee LAA #1 Current Flow,0.0
2026-10-07 17:13:13,Southern District,LAA #1 Flow at Fairmont Reservoir,5.8
2026-10-07 17:13:13,Southern District,LAA #2 Flow at Fairmont Res.,0.0
2026-10-07 17:13:13,Southern District,Bouquet Reservoir Inflow,0.0
2026-10-07 17:13:13,Southern District,Bouquet Reservoir Outflow,0.5
2026-10-07 17:13:13,Southern District,LAA #1 at Soledad Flow,2.5
2026-10-07 17:13:13,Southern District,LAA #2 at Soledad Flow,0.1
2026-10-07 17:13:14,Southern District,Fairmont Reservoir Elevation,3015.4
2026-10-07 17:13:14,Southern District,Bouquet Reservoir Elevation,2978.2
2026-10-07 17:28:13,Northern Owens Valley,Tinemaha Elevation,3861.2
2026-10-07 17:28:13,Southern Owens Valley,Tinemaha Elevation,3861.2
2026-10-07 17:28:13,Mono Basin,Lee Vining Intake Above Flow,48.5
2026-10-07 17:28:13,Mono Basin,Lee Vining Intake Below Flow,16.3
2026-10-07 17:28:13,Mono Basin,Walker Ck. Above Conduit Flow,3.0
2026-10-07 17:28:13,Mono Basin,L.V. Conduit Below Intake Flow,32.2
2026-10-07 17:28:13,Mono Basin,Walker Ck. Under Conduit Flow,3.0
2026-10-07 17:28:13,Mono Basin,Parker Ck. Under Conduit Flow,5.0
2026-10-07 17:28:13,Mono Basin,Parker Ck. Above Conduit Flow,5.0
2026-10-07 17:28:13,Mono Basin,Grant Lk. Spill Flow,0.0
2026-10-07 17:28:13,Mono Basin,Mono Gate 1 Return Ditch Flow,26.3
2026-10-07 17:28:13,Mono Basin,Grant Lk. Outflow,36.1
2026-10-07 17:28:13,Mono Basin,Rush Ck. at Damsite Flow,36.1
2026-10-07 17:28:13,Mono Basin,Flow to West Portal,13.3
2026-10-07 17:28:13,Long Valley,East Portal Flow,25.0
2026-10-07 17:28:13,Long Valley,OR Below EP Flow,72.0
2026-10-07 17:28:13,Long Valley,Hot Ck.at Hwy. Flow,5.0
2026-10-07 17:28:13,Long Valley,McGee Ck. Lower Sta. Flow,7.7
2026-10-07 17:28:13,Long Valley,Long Valley Current Outflow,283.0
2026-10-07 17:28:13,Long Valley,Rock Ck. Div. Flow,0.0
2026-10-07 17:28:13,Long Valley,Upper Gorge Total Release,39.3
2026-10-07 17:28:13,Long Valley,Release at Middle Gorge,0.0
2026-10-07 17:28:13,Northern Owens Valley,Rock Ck. At Owens River (PV) Flow,31.6
2026-10-07 17:28:13,Northern Owens Valley,Pleasant Valley Outflow,267.4
2026-10-07 17:28:13,Northern Owens Valley,Baker Ck. At LA Station Flow,6.1
2026-10-07 17:28:13,Northern Owens Valley,Big Pine Ck. USGS Flow,23.2
2026-10-07 17:28:13,Northern Owens Valley,O.R. Below Big Pine,281.0
2026-10-07 17:28:13,Northern Owens Valley,Fish Springs At RR Flow,40.1
2026-10-07 17:28:13,Northern Owens Valley,Tinemaha Reservoir Outflow,275.3
2026-10-07 17:28:13,Northern Owens Valley,Bishop Creek Through Plant 6,50.2
2026-10-07 17:28:13,Northern Owens Valley,Bishop Creek Around Plant 6,6.5
2026-10-07 17:28:13,Southern Owens Valley,Tinemaha Reservoir Outflow,275.3
2026-10-07 17:28:13,Southern Owens Valley,Indep. Ck. At Junction Flow,2.5
2026-10-07 17:28:13,Southern Owens Valley,LAA at Alabama Flow,244.0
2026-10-07 17:28:13,Southern Owens Valley,LAA at Alabama Level,6.0
2026-10-07 17:28:13,Southern Owens Valley,LAA at Alabama Water Temp,67.9
2026-10-07 17:28:13,Southern Owens Valley,Cottonwood Ck. At LAA Flow,2.0
2026-10-07 17:28:13,Southern Owens Valley,LAA at Cottonwood Flow,221.0
2026-10-07 17:28:13,Southern Owens Valley,LAA at Cottonwood Level,6.1
2026-10-07 17:28:13,Southern Owens Valley,LAA at Cotton. Water Temp,68.5
2026-10-07 17:28:13,Southern Owens Valley,N. Haiwee Elevation,3757.0
2026-10-07 17:28:13,Southern Owens Valley,Haiwee LAA #1 Current Flow,0.0
2026-10-07 17:28:13,Southern Owens Valley,Haiwee LAA #2 Current Flow,3.3
2026-10-07 17:28:13,Southern Owens Valley,Reinhackel Flow,2.8
2026-10-07 17:28:13,Southern Owens Valley,Lubkin Spillgate Outflow,38.5
2026-10-07 17:28:13,Southern Owens Valley,Cartago Spillgate Outflow,88.3
2026-10-07 17:28:13,Southern Owens Valley,Lone Pine Creek Flow,4.4
2026-10-07 17:28:13,Lower Owens River Project,LORP Intake Flow,68.0
2026-10-07 17:28:13,Lower Owens River Project,LORP at Mazourka Canyon Road,0.0
2026-10-07 17:28:13,Lower Owens River Project,LORP at Reinhackle Springs,63.0
2026-10-07 17:28:13,Lower Owens River Project,LORP Above Pumpstation,60.0
2026-10-07 17:28:13,Lower Owens River Project,LORP At Pump Station Discharge Flow,48.0
2026-10-07 17:28:13,Southern District,Haiwee LAA #2 Current Flow,3.3
2026-10-07 17:28:13,Southern District,Haiwee LAA #1 Current Flow,0.0
2026-10-07 17:28:13,Southern District,LAA #1 Flow at Fairmont Reservoir,6.1
2026-10-07 17:28:13,Southern District,LAA #2 Flow at Fairmont Res.,0.0
2026-10-07 17:28:13,Southern District,Bouquet Reservoir Inflow,0.0
2026-10-07 17:28:13,Southern District,Bouquet Reservoir Outflow,0.5
2026-10-07 17:28:13,Southern District,LAA #1 at Soledad Flow,2.5
2026-10-07 17:28:13,Southern District,LAA #2 at Soledad Flow,0.1
2026-10-07 17:28:14,Mono Basin,Mono Lk. Elevation,6381.6
2026-10-07 17:28:14,Mono Basin,Grant Lk. Elevation,7128.6
2026-10-07 17:28:14,Long Valley,Long Valley Elevation,6765.0
2026-10-07 17:28:14,Northern Owens Valley,Pleasant Valley Elevation,4383.2
2026-10-07 17:28:14,Southern Owens Valley,S. Haiwee Reservoir Elevation,3722.8
2026-10-07 17:28:14,Southern District,S. Haiwee Reservoir Elevation,3722.8
2026-10-07 17:28:14,Southern District,Fairmont Reservoir Elevation,3015.4
2026-10-07 17:28:14,Southern District,Bouquet Reservoir Elevation,2978.2
2026-10-07 17:43:13,Mono Basin,Lee Vining Intake Above Flow,48.5
2026-10-07 17:43:13,Mono Basin,Lee Vining Intake Below Flow,16.3
2026-10-07 17:43:13,Mono Basin,Walker Ck. Above Conduit Flow,3.0
2026-10-07 17:43:13,Mono Basin,L.V. Conduit Below Intake Flow,32.2
2026-10-07 17:43:13,Mono Basin,Walker Ck. Under Conduit Flow,3.0
2026-10-07 17:43:13,Mono Basin,Parker Ck. Under Conduit Flow,5.0
2026-10-07 17:43:13,Mono Basin,Parker Ck. Above Conduit Flow,5.0
2026-10-07 17:43:13,Mono Basin,Grant Lk. Spill Flow,0.0
2026-10-07 17:43:13,Mono Basin,Mono Gate 1 Return Ditch Flow,26.3
2026-10-07 17:43:13,Mono Basin,Grant Lk. Outflow,36.1
2026-10-07 17:43:13,Mono Basin,Rush Ck. at Damsite Flow,36.1
2026-10-07 17:43:13,Mono Basin,Flow to West Portal,13.3
2026-10-07 17:43:13,Long Valley,East Portal Flow,25.0
2026-10-07 17:43:13,Long Valley,OR Below EP Flow,72.0
2026-10-07 17:43:13,Long Valley,Hot Ck.at Hwy. Flow,5.0
2026-10-07 17:43:13,Long Valley,McGee Ck. Lower Sta. Flow,7.7
2026-10-07 17:43:13,Long Valley,Long Valley Current Outflow,283.0
2026-10-07 17:43:13,Long Valley,Rock Ck. Div. Flow,0.0
2026-10-07 17:43:13,Long Valley,Upper Gorge Total Release,39.0
2026-10-07 17:43:13,Long Valley,Release at Middle Gorge,0.0
2026-10-07 17:43:13,Northern Owens Valley,Rock Ck. At Owens River (PV) Flow,31.6
2026-10-07 17:43:13,Northern Owens Valley,Pleasant Valley Outflow,267.4
2026-10-07 17:43:13,Northern Owens Valley,Baker Ck. At LA Station Flow,6.1
2026-10-07 17:43:13,Northern Owens Valley,Big Pine Ck. USGS Flow,23.2
2026-10-07 17:43:13,Northern Owens Valley,O.R. Below Big Pine,280.8
2026-10-07 17:43:13,Northern Owens Valley,Fish Springs At RR Flow,40.1
2026-10-07 17:43:13,Northern Owens Valley,Tinemaha Reservoir Outflow,275.3
2026-10-07 17:43:13,Northern Owens Valley,Bishop Creek Through Plant 6,50.2
2026-10-07 17:43:13,Northern Owens Valley,Bishop Creek Around Plant 6,6.5
2026-10-07 17:43:13,Southern Owens Valley,Tinemaha Reservoir Outflow,275.3
2026-10-07 17:43:13,Southern Owens Valley,Indep. Ck. At Junction Flow,2.5
2026-10-07 17:43:13,Southern Owens Valley,LAA at Alabama Flow,244.0
2026-10-07 17:43:13,Southern Owens Valley,LAA at Alabama Level,6.0
2026-10-07 17:43:13,Southern Owens Valley,LAA at Alabama Water Temp,67.9
2026-10-07 17:43:13,Southern Owens Valley,Cottonwood Ck. At LAA Flow,2.0
2026-10-07 17:43:13,Southern Owens Valley,LAA at Cottonwood Flow,221.0
2026-10-07 17:43:13,Southern Owens Valley,LAA at Cottonwood Level,6.1
2026-10-07 17:43:13,Southern Owens Valley,LAA at Cotton. Water Temp,68.4
2026-10-07 17:43:13,Southern Owens Valley,N. Haiwee Elevation,3757.0
2026-10-07 17:43:13,Southern Owens Valley,Haiwee LAA #1 Current Flow,0.0
2026-10-07 17:43:13,Southern Owens Valley,Haiwee LAA #2 Current Flow,3.3
2026-10-07 17:43:13,Southern Owens Valley,Reinhackel Flow,2.8
2026-10-07 17:43:13,Southern Owens Valley,Lubkin Spillgate Outflow,36.6
2026-10-07 17:43:13,Southern Owens Valley,Cartago Spillgate Outflow,87.5
2026-10-07 17:43:13,Southern Owens Valley,Lone Pine Creek Flow,4.4
2026-10-07 17:43:13,Lower Owens River Project,LORP Intake Flow,68.0
2026-10-07 17:43:13,Lower Owens River Project,LORP at Mazourka Canyon Road,0.0
2026-10-07 17:43:13,Lower Owens River Project,LORP at Reinhackle Springs,63.0
2026-10-07 17:43:13,Lower Owens River Project,LORP Above Pumpstation,58.0
2026-10-07 17:43:13,Lower Owens River Project,LORP At Pump Station Discharge Flow,46.0
2026-10-07 17:43:13,Southern District,Haiwee LAA #2 Current Flow,3.3
2026-10-07 17:43:13,Southern District,Haiwee LAA #1 Current Flow,0.0
2026-10-07 17:43:13,Southern District,LAA #1 Flow at Fairmont Reservoir,5.7
2026-10-07 17:43:13,Southern District,LAA #2 Flow at Fairmont Res.,0.0
2026-10-07 17:43:13,Southern District,Bouquet Reservoir Inflow,0.0
2026-10-07 17:43:13,Southern District,Bouquet Reservoir Outflow,0.5
2026-10-07 17:43:13,Southern District,LAA #1 at Soledad Flow,2.5
2026-10-07 17:43:13,Southern District,LAA #2 at Soledad Flow,0.1
2026-10-07 17:43:14,Mono Basin,Mono Lk. Elevation,6381.6
2026-10-07 17:43:14,Mono Basin,Grant Lk. Elevation,7128.6
2026-10-07 17:43:14,Long Valley,Long Valley Elevation,6765.0
2026-10-07 17:43:14,Northern Owens Valley,Pleasant Valley Elevation,4383.2
2026-10-07 17:43:14,Southern Owens Valley,S. Haiwee Reservoir Elevation,3722.8
2026-10-07 17:43:14,Southern District,S. Haiwee Reservoir Elevation,3722.8
2026-10-07 17:43:14,Southern District,Fairmont Reservoir Elevation,3015.4
2026-10-07 17:43:14,Southern District,Bouquet Reservoir Elevation,2978.2
2026-10-07 17:58:13,Northern Owens Valley,Tinemaha Elevation,3861.2
2026-10-07 17:58:13,Southern Owens Valley,Tinemaha Elevation,3861.2
2026-10-07 17:58:13,Mono Basin,Lee Vining Intake Above Flow,49.1
2026-10-07 17:58:13,Mono Basin,Lee Vining Intake Below Flow,16.3
2026-10-07 17:58:13,Mono Basin,Mono Lk. Elevation,6381.6
2026-10-07 17:58:13,Mono Basin,Walker Ck. Above Conduit Flow,3.0
2026-10-07 17:58:13,Mono Basin,L.V. Conduit Below Intake Flow,32.3
2026-10-07 17:58:13,Mono Basin,Walker Ck. Under Conduit Flow,3.0
2026-10-07 17:58:13,Mono Basin,Parker Ck. Under Conduit Flow,5.0
2026-10-07 17:58:13,Mono Basin,Parker Ck. Above Conduit Flow,5.0
2026-10-07 17:58:13,Mono Basin,Grant Lk. Spill Flow,0.0
2026-10-07 17:58:13,Mono Basin,Mono Gate 1 Return Ditch Flow,26.3
2026-10-07 17:58:13,Mono Basin,Grant Lk. Elevation,7128.6
2026-10-07 17:58:13,Mono Basin,Grant Lk. Outflow,36.1
2026-10-07 17:58:13,Mono Basin,Rush Ck. at Damsite Flow,36.1
2026-10-07 17:58:13,Mono Basin,Flow to West Portal,13.3
2026-10-07 17:58:13,Long Valley,East Portal Flow,25.0
2026-10-07 17:58:13,Long Valley,OR Below EP Flow,72.0
2026-10-07 17:58:13,Long Valley,Hot Ck.at Hwy. Flow,5.0
2026-10-07 17:58:13,Long Valley,McGee Ck. Lower Sta. Flow,7.7
2026-10-07 17:58:13,Long Valley,Long Valley Elevation,6765.0
2026-10-07 17:58:13,Long Valley,Long Valley Current Outflow,283.0
2026-10-07 17:58:13,Long Valley,Rock Ck. Div. Flow,0.0
2026-10-07 17:58:13,Long Valley,Upper Gorge Total Release,39.5
2026-10-07 17:58:13,Long Valley,Release at Middle Gorge,0.0
2026-10-07 17:58:13,Northern Owens Valley,Rock Ck. At Owens River (PV) Flow,31.6
2026-10-07 17:58:13,Northern Owens Valley,Pleasant Valley Elevation,4383.2
2026-10-07 17:58:13,Northern Owens Valley,Pleasant Valley Outflow,268.0
2026-10-07 17:58:13,Northern Owens Valley,Baker Ck. At LA Station Flow,6.1
2026-10-07 17:58:13,Northern Owens Valley,Big Pine Ck. USGS Flow,23.2
2026-10-07 17:58:13,Northern Owens Valley,O.R. Below Big Pine,280.3
2026-10-07 17:58:13,Northern Owens Valley,Fish Springs At RR Flow,40.1
2026-10-07 17:58:13,Northern Owens Valley,Tinemaha Reservoir Outflow,275.3
2026-10-07 17:58:13,Northern Owens Valley,Bishop Creek Through Plant 6,50.2
2026-10-07 17:58:13,Northern Owens Valley,Bishop Creek Around Plant 6,6.5
2026-10-07 17:58:13,Southern Owens Valley,Tinemaha Reservoir Outflow,275.3
2026-10-07 17:58:13,Southern Owens Valley,Indep. Ck. At Junction Flow,2.5
2026-10-07 17:58:13,Southern Owens Valley,LAA at Alabama Flow,244.0
2026-10-07 17:58:13,Southern Owens Valley,LAA at Alabama Level,6.0
2026-10-07 17:58:13,Southern Owens Valley,LAA at Alabama Water Temp,67.9
2026-10-07 17:58:13,Southern Owens Valley,Cottonwood Ck. At LAA Flow,2.0
2026-10-07 17:58:13,Southern Owens Valley,LAA at Cottonwood Flow,221.0
2026-10-07 17:58:13,Southern Owens Valley,LAA at Cottonwood Level,6.1
2026-10-07 17:58:13,Southern Owens Valley,LAA at Cotton. Water Temp,68.3
2026-10-07 17:58:13,Southern Owens Valley,N. Haiwee Elevation,3757.0
2026-10-07 17:58:13,Southern Owens Valley,S. Haiwee Reservoir Elevation,3722.8
2026-10-07 17:58:13,Southern Owens Valley,Haiwee LAA #1 Current Flow,0.0
2026-10-07 17:58:13,Southern Owens Valley,Haiwee LAA #2 Current Flow,3.3
2026-10-07 17:58:13,Southern Owens Valley,Reinhackel Flow,2.8
2026-10-07 17:58:13,Southern Owens Valley,Lubkin Spillgate Outflow,27.0
2026-10-07 17:58:13,Southern Owens Valley,Cartago Spillgate Outflow,86.8
2026-10-07 17:58:13,Southern Owens Valley,Lone Pine Creek Flow,4.4
2026-10-07 17:58:13,Lower Owens River Project,LORP Intake Flow,68.0
2026-10-07 17:58:13,Lower Owens River Project,LORP at Mazourka Canyon Road,0.0
2026-10-07 17:58:13,Lower Owens River Project,LORP at Reinhackle Springs,63.0
2026-10-07 17:58:13,Lower Owens River Project,LORP Above Pumpstation,60.0
2026-10-07 17:58:13,Lower Owens River Project,LORP At Pump Station Discharge Flow,48.0
2026-10-07 17:58:13,Southern District,Haiwee LAA #2 Current Flow,3.3
2026-10-07 17:58:13,Southern District,S. Haiwee Reservoir Elevation,3722.8
2026-10-07 17:58:13,Southern District,Haiwee LAA #1 Current Flow,0.0
2026-10-07 17:58:13,Southern District,Fairmont Reservoir Elevation,3015.4
2026-10-07 17:58:13,Southern District,LAA #1 Flow at Fairmont Reservoir,5.7
2026-10-07 17:58:13,Southern District,LAA #2 Flow at Fairmont Res.,0.0
2026-10-07 17:58:13,Southern District,Bouquet Reservoir Elevation,2978.2
2026-10-07 17:58:13,Southern District,Bouquet Reservoir Inflow,0.0
2026-10-07 17:58:13,Southern District,Bouquet Reservoir Outflow,0.5
2026-10-07 17:58:13,Southern District,LAA #1 at Soledad Flow,2.5
2026-10-07 17:58:13,Southern District,LAA #2 at Soledad Flow,0.1
2026-10-07 18:28:13,Northern Owens Valley,Tinemaha Elevation,3861.2
2026-10-07 18:28:13,Southern Owens Valley,Tinemaha Elevation,3861.2
2026-10-07 18:43:13,Mono Basin,Lee Vining Intake Above Flow,49.1
2026-10-07 18:43:13,Mono Basin,Lee Vining Intake Below Flow,16.3
2026-10-07 18:43:13,Mono Basin,Walker Ck. Above Conduit Flow,3.0
2026-10-07 18:43:13,Mono Basin,L.V. Conduit Below Intake Flow,32.3
2026-10-07 18:43:13,Mono Basin,Walker Ck. Under Conduit Flow,3.0
2026-10-07 18:43:13,Mono Basin,Parker Ck. Under Conduit Flow,5.0
2026-10-07 18:43:13,Mono Basin,Parker Ck. Above Conduit Flow,5.0
2026-10-07 18:43:13,Mono Basin,Grant Lk. Spill Flow,0.0
2026-10-07 18:43:13,Mono Basin,Mono Gate 1 Return Ditch Flow,26.4
2026-10-07 18:43:13,Mono Basin,Grant Lk. Outflow,36.4
2026-10-07 18:43:13,Mono Basin,Rush Ck. at Damsite Flow,30.8
2026-10-07 18:43:13,Mono Basin,Flow to West Portal,13.3
2026-10-07 18:43:13,Long Valley,East Portal Flow,25.0
2026-10-07 18:43:13,Long Valley,OR Below EP Flow,72.0
2026-10-07 18:43:13,Long Valley,Hot Ck.at Hwy. Flow,5.0
2026-10-07 18:43:13,Long Valley,McGee Ck. Lower Sta. Flow,7.7
2026-10-07 18:43:13,Long Valley,Long Valley Current Outflow,294.3
2026-10-07 18:43:13,Long Valley,Rock Ck. Div. Flow,0.0
2026-10-07 18:43:13,Long Valley,Upper Gorge Total Release,38.2
2026-10-07 18:43:13,Long Valley,Release at Middle Gorge,0.0
2026-10-07 18:43:13,Northern Owens Valley,Rock Ck. At Owens River (PV) Flow,31.6
2026-10-07 18:43:13,Northern Owens Valley,Pleasant Valley Outflow,266.9
2026-10-07 18:43:13,Northern Owens Valley,Baker Ck. At LA Station Flow,6.6
2026-10-07 18:43:13,Northern Owens Valley,Big Pine Ck. USGS Flow,23.2
2026-10-07 18:43:13,Northern Owens Valley,O.R. Below Big Pine,278.6
2026-10-07 18:43:13,Northern Owens Valley,Fish Springs At RR Flow,39.2
2026-10-07 18:43:13,Northern Owens Valley,Tinemaha Reservoir Outflow,275.9
2026-10-07 18:43:13,Northern Owens Valley,Bishop Creek Through Plant 6,50.2
2026-10-07 18:43:13,Northern Owens Valley,Bishop Creek Around Plant 6,7.4
2026-10-07 18:43:13,Southern Owens Valley,Tinemaha Reservoir Outflow,275.9
2026-10-07 18:43:13,Southern Owens Valley,Indep. Ck. At Junction Flow,2.5
2026-10-07 18:43:13,Southern Owens Valley,LAA at Alabama Flow,243.0
2026-10-07 18:43:13,Southern Owens Valley,LAA at Alabama Water Temp,67.8
2026-10-07 18:43:13,Southern Owens Valley,Cottonwood Ck. At LAA Flow,2.0
2026-10-07 18:43:13,Southern Owens Valley,LAA at Cottonwood Flow,220.0
2026-10-07 18:43:13,Southern Owens Valley,LAA at Cotton. Water Temp,68.1
2026-10-07 18:43:13,Southern Owens Valley,Haiwee LAA #1 Current Flow,0.0
2026-10-07 18:43:13,Southern Owens Valley,Haiwee LAA #2 Current Flow,3.6
2026-10-07 18:43:13,Southern Owens Valley,Reinhackel Flow,2.8
2026-10-07 18:43:13,Southern Owens Valley,Lubkin Spillgate Outflow,28.1
2026-10-07 18:43:13,Southern Owens Valley,Cartago Spillgate Outflow,88.6
2026-10-07 18:43:13,Southern Owens Valley,Lone Pine Creek Flow,4.3
2026-10-07 18:43:13,Lower Owens River Project,LORP Intake Flow,68.0
2026-10-07 18:43:13,Lower Owens River Project,LORP at Mazourka Canyon Road,0.0
2026-10-07 18:43:13,Lower Owens River Project,LORP at Reinhackle Springs,62.0
2026-10-07 18:43:13,Lower Owens River Project,LORP Above Pumpstation,58.0
2026-10-07 18:43:13,Lower Owens River Project,LORP At Pump Station Discharge Flow,47.0
2026-10-07 18:43:13,Southern District,Haiwee LAA #2 Current Flow,3.6
2026-10-07 18:43:13,Southern District,Haiwee LAA #1 Current Flow,0.0
2026-10-07 18:43:13,Southern District,LAA #1 Flow at Fairmont Reservoir,6.1
2026-10-07 18:43:13,Southern District,LAA #2 Flow at Fairmont Res.,0.0
2026-10-07 18:43:13,Southern District,Bouquet Reservoir Inflow,0.0
2026-10-07 18:43:13,Southern District,Bouquet Reservoir Outflow,0.5
2026-10-07 18:43:13,Southern District,LAA #1 at Soledad Flow,2.5
2026-10-07 18:43:13,Southern District,LAA #2 at Soledad Flow,0.1
2026-10-07 18:43:14,Mono Basin,Mono Lk. Elevation,6381.6
2026-10-07 18:43:14,Mono Basin,Grant Lk. Elevation,7128.6
2026-10-07 18:43:14,Long Valley,Long Valley Elevation,6765.0
2026-10-07 18:43:14,Northern Owens Valley,Pleasant Valley Elevation,4383.3
2026-10-07 18:43:14,Southern Owens Valley,LAA at Alabama Level,6.0
2026-10-07 18:43:14,Southern Owens Valley,LAA at Cottonwood Level,6.1
2026-10-07 18:43:14,Southern Owens Valley,N. Haiwee Elevation,3757.0
2026-10-07 18:43:14,Southern Owens Valley,S. Haiwee Reservoir Elevation,3722.8
2026-10-07 18:43:14,Southern District,S. Haiwee Reservoir Elevation,3722.8
2026-10-07 18:43:14,Southern District,Fairmont Reservoir Elevation,3015.4
2026-10-07 18:43:14,Southern District,Bouquet Reservoir Elevation,2978.2
2026-10-07 18:58:13,Northern Owens Valley,Tinemaha Elevation,3861.2
2026-10-07 18:58:13,Southern Owens Valley,Tinemaha Elevation,3861.2
2026-10-07 19:28:13,Northern Owens Valley,Tinemaha Elevation,3861.2
2026-10-07 19:28:13,Southern Owens Valley,Tinemaha Elevation,3861.2
2026-10-07 19:43:13,Mono Basin,Lee Vining Intake Above Flow,49.3
2026-10-07 19:43:13,Mono Basin,Lee Vining Intake Below Flow,16.3
2026-10-07 19:43:13,Mono Basin,Walker Ck. Above Conduit Flow,3.0
2026-10-07 19:43:13,Mono Basin,L.V. Conduit Below Intake Flow,32.0
2026-10-07 19:43:13,Mono Basin,Walker Ck. Under Conduit Flow,3.0
2026-10-07 19:43:13,Mono Basin,Parker Ck. Under Conduit Flow,5.0
2026-10-07 19:43:13,Mono Basin,Parker Ck. Above Conduit Flow,5.0
2026-10-07 19:43:13,Mono Basin,Grant Lk. Spill Flow,0.0
2026-10-07 19:43:13,Mono Basin,Mono Gate 1 Return Ditch Flow,26.4
2026-10-07 19:43:13,Mono Basin,Grant Lk. Outflow,36.1
2026-10-07 19:43:13,Mono Basin,Rush Ck. at Damsite Flow,30.8
2026-10-07 19:43:13,Mono Basin,Flow to West Portal,13.3
2026-10-07 19:43:13,Long Valley,East Portal Flow,25.0
2026-10-07 19:43:13,Long Valley,OR Below EP Flow,72.0
2026-10-07 19:43:13,Long Valley,Hot Ck.at Hwy. Flow,5.0
2026-10-07 19:43:13,Long Valley,McGee Ck. Lower Sta. Flow,7.7
2026-10-07 19:43:13,Long Valley,Long Valley Current Outflow,315.8
2026-10-07 19:43:13,Long Valley,Rock Ck. Div. Flow,0.0
2026-10-07 19:43:13,Long Valley,Upper Gorge Total Release,38.9
2026-10-07 19:43:13,Long Valley,Release at Middle Gorge,0.0
2026-10-07 19:43:13,Northern Owens Valley,Rock Ck. At Owens River (PV) Flow,31.6
2026-10-07 19:43:13,Northern Owens Valley,Pleasant Valley Outflow,266.4
2026-10-07 19:43:13,Northern Owens Valley,Baker Ck. At LA Station Flow,6.6
2026-10-07 19:43:13,Northern Owens Valley,Big Pine Ck. USGS Flow,23.2
2026-10-07 19:43:13,Northern Owens Valley,O.R. Below Big Pine,276.0
2026-10-07 19:43:13,Northern Owens Valley,Fish Springs At RR Flow,39.2
2026-10-07 19:43:13,Northern Owens Valley,Tinemaha Reservoir Outflow,275.9
2026-10-07 19:43:13,Northern Owens Valley,Bishop Creek Through Plant 6,50.2
2026-10-07 19:43:13,Northern Owens Valley,Bishop Creek Around Plant 6,7.4
2026-10-07 19:43:13,Southern Owens Valley,Tinemaha Reservoir Outflow,275.9
2026-10-07 19:43:13,Southern Owens Valley,Indep. Ck. At Junction Flow,2.4
2026-10-07 19:43:13,Southern Owens Valley,LAA at Alabama Flow,243.0
2026-10-07 19:43:13,Southern Owens Valley,Cottonwood Ck. At LAA Flow,2.0
2026-10-07 19:43:13,Southern Owens Valley,LAA at Cottonwood Flow,220.0
2026-10-07 19:43:13,Southern Owens Valley,Haiwee LAA #1 Current Flow,0.0
2026-10-07 19:43:13,Southern Owens Valley,Haiwee LAA #2 Current Flow,3.6
2026-10-07 19:43:13,Southern Owens Valley,Reinhackel Flow,2.8
2026-10-07 19:43:13,Southern Owens Valley,Lubkin Spillgate Outflow,40.4
2026-10-07 19:43:13,Southern Owens Valley,Cartago Spillgate Outflow,93.1
2026-10-07 19:43:13,Southern Owens Valley,Lone Pine Creek Flow,4.4
2026-10-07 19:43:13,Lower Owens River Project,LORP Intake Flow,68.0
2026-10-07 19:43:13,Lower Owens River Project,LORP at Mazourka Canyon Road,0.0
2026-10-07 19:43:13,Lower Owens River Project,LORP at Reinhackle Springs,64.0
2026-10-07 19:43:13,Lower Owens River Project,LORP Above Pumpstation,58.0
2026-10-07 19:43:13,Lower Owens River Project,LORP At Pump Station Discharge Flow,47.0
2026-10-07 19:43:13,Southern District,Haiwee LAA #2 Current Flow,3.6
2026-10-07 19:43:13,Southern District,Haiwee LAA #1 Current Flow,0.0
2026-10-07 19:43:13,Southern District,LAA #1 Flow at Fairmont Reservoir,6.0
2026-10-07 19:43:13,Southern District,LAA #2 Flow at Fairmont Res.,0.0
2026-10-07 19:43:13,Southern District,Bouquet Reservoir Inflow,0.0
2026-10-07 19:43:13,Southern District,Bouquet Reservoir Outflow,0.4
2026-10-07 19:43:13,Southern District,LAA #1 at Soledad Flow,0.0
2026-10-07 19:43:13,Southern District,LAA #2 at Soledad Flow,0.0
2026-10-07 19:43:14,Mono Basin,Mono Lk. Elevation,6381.6
2026-10-07 19:43:14,Mono Basin,Grant Lk. Elevation,7128.6
2026-10-07 19:43:14,Long Valley,Long Valley Elevation,6765.0
2026-10-07 19:43:14,Northern Owens Valley,Pleasant Valley Elevation,4383.4
2026-10-07 19:43:14,Southern Owens Valley,LAA at Alabama Level,6.0
2026-10-07 19:43:14,Southern Owens Valley,LAA at Alabama Water Temp,67.6
2026-10-07 19:43:14,Southern Owens Valley,LAA at Cottonwood Level,6.1
2026-10-07 19:43:14,Southern Owens Valley,LAA at Cotton. Water Temp,67.7
2026-10-07 19:43:14,Southern Owens Valley,N. Haiwee Elevation,3757.0
2026-10-07 19:43:14,Southern Owens Valley,S. Haiwee Reservoir Elevation,3722.8
2026-10-07 19:43:14,Southern District,S. Haiwee Reservoir Elevation,3722.8
2026-10-07 19:43:14,Southern District,Fairmont Reservoir Elevation,3015.4
2026-10-07 19:43:14,Southern District,Bouquet Reservoir Elevation,2978.2
2026-10-07 19:58:13,Northern Owens Valley,Tinemaha Elevation,3861.2
2026-10-07 19:58:13,Southern Owens Valley,Tinemaha Elevation,3861.2
2026-10-07 20:28:13,Northern Owens Valley,Tinemaha Elevation,3861.2
2026-10-07 20:28:13,Southern Owens Valley,Tinemaha Elevation,3861.2
2026-10-07 20:43:13,Mono Basin,Lee Vining Intake Above Flow,49.3
2026-10-07 20:43:13,Mono Basin,Lee Vining Intake Below Flow,16.2
2026-10-07 20:43:13,Mono Basin,Mono Lk. Elevation,6381.6
2026-10-07 20:43:13,Mono Basin,Walker Ck. Above Conduit Flow,3.0
2026-10-07 20:43:13,Mono Basin,L.V. Conduit Below Intake Flow,31.7
2026-10-07 20:43:13,Mono Basin,Walker Ck. Under Conduit Flow,3.0
2026-10-07 20:43:13,Mono Basin,Parker Ck. Under Conduit Flow,5.0
2026-10-07 20:43:13,Mono Basin,Parker Ck. Above Conduit Flow,5.0
2026-10-07 20:43:13,Mono Basin,Grant Lk. Spill Flow,0.0
2026-10-07 20:43:13,Mono Basin,Mono Gate 1 Return Ditch Flow,26.4
2026-10-07 20:43:13,Mono Basin,Grant Lk. Elevation,7128.6
2026-10-07 20:43:13,Mono Basin,Grant Lk. Outflow,36.2
2026-10-07 20:43:13,Mono Basin,Rush Ck. at Damsite Flow,30.8
2026-10-07 20:43:13,Mono Basin,Flow to West Portal,13.3
2026-10-07 20:43:13,Long Valley,East Portal Flow,25.0
2026-10-07 20:43:13,Long Valley,OR Below EP Flow,72.0
2026-10-07 20:43:13,Long Valley,Hot Ck.at Hwy. Flow,5.0
2026-10-07 20:43:13,Long Valley,McGee Ck. Lower Sta. Flow,7.7
2026-10-07 20:43:13,Long Valley,Long Valley Elevation,6765.0
2026-10-07 20:43:13,Long Valley,Long Valley Current Outflow,259.7
2026-10-07 20:43:13,Long Valley,Rock Ck. Div. Flow,0.0
2026-10-07 20:43:13,Long Valley,Upper Gorge Total Release,39.1
2026-10-07 20:43:13,Long Valley,Release at Middle Gorge,0.0
2026-10-07 20:43:13,Northern Owens Valley,Rock Ck. At Owens River (PV) Flow,31.8
2026-10-07 20:43:13,Northern Owens Valley,Pleasant Valley Elevation,4383.4
2026-10-07 20:43:13,Northern Owens Valley,Pleasant Valley Outflow,267.4
2026-10-07 20:43:13,Northern Owens Valley,Baker Ck. At LA Station Flow,6.6
2026-10-07 20:43:13,Northern Owens Valley,Big Pine Ck. USGS Flow,23.2
2026-10-07 20:43:13,Northern Owens Valley,O.R. Below Big Pine,272.9
2026-10-07 20:43:13,Northern Owens Valley,Fish Springs At RR Flow,39.2
2026-10-07 20:43:13,Northern Owens Valley,Tinemaha Reservoir Outflow,275.9
2026-10-07 20:43:13,Northern Owens Valley,Bishop Creek Through Plant 6,50.2
2026-10-07 20:43:13,Northern Owens Valley,Bishop Creek Around Plant 6,7.4
2026-10-07 20:43:13,Southern Owens Valley,Tinemaha Reservoir Outflow,275.9
2026-10-07 20:43:13,Southern Owens Valley,Indep. Ck. At Junction Flow,2.5
2026-10-07 20:43:13,Southern Owens Valley,LAA at Alabama Flow,242.0
2026-10-07 20:43:13,Southern Owens Valley,LAA at Alabama Level,6.0
2026-10-07 20:43:13,Southern Owens Valley,LAA at Alabama Water Temp,67.4
2026-10-07 20:43:13,Southern Owens Valley,Cottonwood Ck. At LAA Flow,2.0
2026-10-07 20:43:13,Southern Owens Valley,LAA at Cottonwood Flow,220.0
2026-10-07 20:43:13,Southern Owens Valley,LAA at Cottonwood Level,6.1
2026-10-07 20:43:13,Southern Owens Valley,LAA at Cotton. Water Temp,67.5
2026-10-07 20:43:13,Southern Owens Valley,N. Haiwee Elevation,3757.0
2026-10-07 20:43:13,Southern Owens Valley,S. Haiwee Reservoir Elevation,3722.8
2026-10-07 20:43:13,Southern Owens Valley,Haiwee LAA #1 Current Flow,0.0
2026-10-07 20:43:13,Southern Owens Valley,Haiwee LAA #2 Current Flow,3.6
2026-10-07 20:43:13,Southern Owens Valley,Reinhackel Flow,2.8
2026-10-07 20:43:13,Southern Owens Valley,Lubkin Spillgate Outflow,36.3
2026-10-07 20:43:13,Southern Owens Valley,Cartago Spillgate Outflow,97.9
2026-10-07 20:43:13,Southern Owens Valley,Lone Pine Creek Flow,4.4
2026-10-07 20:43:13,Lower Owens River Project,LORP Intake Flow,68.0
2026-10-07 20:43:13,Lower Owens River Project,LORP at Mazourka Canyon Road,0.0
2026-10-07 20:43:13,Lower Owens River Project,LORP at Reinhackle Springs,66.0
2026-10-07 20:43:13,Lower Owens River Project,LORP Above Pumpstation,57.0
2026-10-07 20:43:13,Lower Owens River Project,LORP At Pump Station Discharge Flow,45.0
2026-10-07 20:43:13,Southern District,Haiwee LAA #2 Current Flow,3.6
2026-10-07 20:43:13,Southern District,S. Haiwee Reservoir Elevation,3722.8
2026-10-07 20:43:13,Southern District,Haiwee LAA #1 Current Flow,0.0
2026-10-07 20:43:13,Southern District,Fairmont Reservoir Elevation,3015.4
2026-10-07 20:43:13,Southern District,LAA #1 Flow at Fairmont Reservoir,5.6
2026-10-07 20:43:13,Southern District,LAA #2 Flow at Fairmont Res.,0.0
2026-10-07 20:43:13,Southern District,Bouquet Reservoir Elevation,2978.2
2026-10-07 20:43:13,Southern District,Bouquet Reservoir Inflow,0.0
2026-10-07 20:43:13,Southern District,Bouquet Reservoir Outflow,0.4
2026-10-07 20:43:13,Southern District,LAA #1 at Soledad Flow,0.0
2026-10-07 20:43:13,Southern District,LAA #2 at Soledad Flow,0.0
2026-10-07 20:58:13,Northern Owens Valley,Tinemaha Elevation,3861.2
2026-10-07 20:58:13,Southern Owens Valley,Tinemaha Elevation,3861.2
2026-10-07 21:28:15,Northern Owens Valley,Tinemaha Elevation,3861.2
2026-10-07 21:28:15,Southern Owens Valley,Tinemaha Elevation,3861.2
2026-10-07 21:43:13,Mono Basin,Lee Vining Intake Above Flow,48.9
2026-10-07 21:43:13,Mono Basin,Lee Vining Intake Below Flow,16.3
2026-10-07 21:43:13,Mono Basin,Mono Lk. Elevation,6381.6
2026-10-07 21:43:13,Mono Basin,Walker Ck. Above Conduit Flow,3.0
2026-10-07 21:43:13,Mono Basin,L.V. Conduit Below Intake Flow,32.0
2026-10-07 21:43:13,Mono Basin,Walker Ck. Under Conduit Flow,3.0
2026-10-07 21:43:13,Mono Basin,Parker Ck. Under Conduit Flow,5.0
2026-10-07 21:43:13,Mono Basin,Parker Ck. Above Conduit Flow,5.0
2026-10-07 21:43:13,Mono Basin,Grant Lk. Spill Flow,0.0
2026-10-07 21:43:13,Mono Basin,Mono Gate 1 Return Ditch Flow,26.3
2026-10-07 21:43:13,Mono Basin,Grant Lk. Elevation,7128.6
2026-10-07 21:43:13,Mono Basin,Grant Lk. Outflow,36.3
2026-10-07 21:43:13,Mono Basin,Rush Ck. at Damsite Flow,30.8
2026-10-07 21:43:13,Mono Basin,Flow to West Portal,13.3
2026-10-07 21:43:13,Long Valley,East Portal Flow,25.0
2026-10-07 21:43:13,Long Valley,OR Below EP Flow,72.0
2026-10-07 21:43:13,Long Valley,Hot Ck.at Hwy. Flow,5.0
2026-10-07 21:43:13,Long Valley,McGee Ck. Lower Sta. Flow,7.7
2026-10-07 21:43:13,Long Valley,Long Valley Elevation,6765.0
2026-10-07 21:43:13,Long Valley,Long Valley Current Outflow,243.9
2026-10-07 21:43:13,Long Valley,Rock Ck. Div. Flow,0.0
2026-10-07 21:43:13,Long Valley,Upper Gorge Total Release,38.9
2026-10-07 21:43:13,Long Valley,Release at Middle Gorge,0.0
2026-10-07 21:43:13,Northern Owens Valley,Rock Ck. At Owens River (PV) Flow,32.3
2026-10-07 21:43:13,Northern Owens Valley,Pleasant Valley Elevation,4383.5
2026-10-07 21:43:13,Northern Owens Valley,Pleasant Valley Outflow,267.2
2026-10-07 21:43:13,Northern Owens Valley,Baker Ck. At LA Station Flow,6.1
2026-10-07 21:43:13,Northern Owens Valley,Big Pine Ck. USGS Flow,23.2
2026-10-07 21:43:13,Northern Owens Valley,O.R. Below Big Pine,270.3
2026-10-07 21:43:13,Northern Owens Valley,Fish Springs At RR Flow,39.2
2026-10-07 21:43:13,Northern Owens Valley,Tinemaha Reservoir Outflow,275.9
2026-10-07 21:43:13,Northern Owens Valley,Bishop Creek Through Plant 6,50.2
2026-10-07 21:43:13,Northern Owens Valley,Bishop Creek Around Plant 6,7.4
2026-10-07 21:43:13,Southern Owens Valley,Tinemaha Reservoir Outflow,275.9
2026-10-07 21:43:13,Southern Owens Valley,Indep. Ck. At Junction Flow,2.5
2026-10-07 21:43:13,Southern Owens Valley,LAA at Alabama Flow,239.0
2026-10-07 21:43:13,Southern Owens Valley,LAA at Alabama Level,6.0
2026-10-07 21:43:13,Southern Owens Valley,LAA at Alabama Water Temp,67.0
2026-10-07 21:43:13,Southern Owens Valley,Cottonwood Ck. At LAA Flow,2.0
2026-10-07 21:43:13,Southern Owens Valley,LAA at Cottonwood Flow,221.0
2026-10-07 21:43:13,Southern Owens Valley,LAA at Cottonwood Level,6.1
2026-10-07 21:43:13,Southern Owens Valley,LAA at Cotton. Water Temp,67.4
2026-10-07 21:43:13,Southern Owens Valley,N. Haiwee Elevation,3757.0
2026-10-07 21:43:13,Southern Owens Valley,S. Haiwee Reservoir Elevation,3722.8
2026-10-07 21:43:13,Southern Owens Valley,Haiwee LAA #1 Current Flow,0.0
2026-10-07 21:43:13,Southern Owens Valley,Haiwee LAA #2 Current Flow,3.6
2026-10-07 21:43:13,Southern Owens Valley,Reinhackel Flow,2.8
2026-10-07 21:43:13,Southern Owens Valley,Lubkin Spillgate Outflow,37.4
2026-10-07 21:43:13,Southern Owens Valley,Cartago Spillgate Outflow,87.3
2026-10-07 21:43:13,Southern Owens Valley,Lone Pine Creek Flow,4.5
2026-10-07 21:43:13,Lower Owens River Project,LORP Intake Flow,68.0
2026-10-07 21:43:13,Lower Owens River Project,LORP at Mazourka Canyon Road,0.0
2026-10-07 21:43:13,Lower Owens River Project,LORP at Reinhackle Springs,63.0
2026-10-07 21:43:13,Lower Owens River Project,LORP Above Pumpstation,60.0
2026-10-07 21:43:13,Lower Owens River Project,LORP At Pump Station Discharge Flow,48.0
2026-10-07 21:43:13,Southern District,Haiwee LAA #2 Current Flow,3.6
2026-10-07 21:43:13,Southern District,S. Haiwee Reservoir Elevation,3722.8
2026-10-07 21:43:13,Southern District,Haiwee LAA #1 Current Flow,0.0
2026-10-07 21:43:13,Southern District,Fairmont Reservoir Elevation,3015.4
2026-10-07 21:43:13,Southern District,LAA #1 Flow at Fairmont Reservoir,6.5
2026-10-07 21:43:13,Southern District,LAA #2 Flow at Fairmont Res.,0.0
2026-10-07 21:43:13,Southern District,Bouquet Reservoir Elevation,2978.2
2026-10-07 21:43:13,Southern District,Bouquet Reservoir Inflow,0.0
2026-10-07 21:43:13,Southern District,Bouquet Reservoir Outflow,0.6
2026-10-07 21:43:13,Southern District,LAA #1 at Soledad Flow,0.0
2026-10-07 21:43:13,Southern District,LAA #2 at Soledad Flow,0.0
2026-10-07 21:58:13,Northern Owens Valley,Tinemaha Elevation,3861.2
2026-10-07 21:58:13,Southern Owens Valley,Tinemaha Elevation,3861.2
2026-10-07 22:28:13,Northern Owens Valley,Tinemaha Elevation,3861.2
2026-10-07 22:28:13,Southern Owens Valley,Tinemaha Elevation,3861.2
2026-10-07 22:43:13,Mono Basin,Lee Vining Intake Above Flow,49.0
2026-10-07 22:43:13,Mono Basin,Lee Vining Intake Below Flow,16.3
2026-10-07 22:43:13,Mono Basin,Mono Lk. Elevation,6381.6
2026-10-07 22:43:13,Mono Basin,Walker Ck. Above Conduit Flow,3.0
2026-10-07 22:43:13,Mono Basin,L.V. Conduit Below Intake Flow,32.0
2026-10-07 22:43:13,Mono Basin,Walker Ck. Under Conduit Flow,3.0
2026-10-07 22:43:13,Mono Basin,Parker Ck. Under Conduit Flow,5.0
2026-10-07 22:43:13,Mono Basin,Parker Ck. Above Conduit Flow,5.0
2026-10-07 22:43:13,Mono Basin,Grant Lk. Spill Flow,0.0
2026-10-07 22:43:13,Mono Basin,Mono Gate 1 Return Ditch Flow,26.2
2026-10-07 22:43:13,Mono Basin,Grant Lk. Elevation,7128.6
2026-10-07 22:43:13,Mono Basin,Grant Lk. Outflow,36.2
2026-10-07 22:43:13,Mono Basin,Rush Ck. at Damsite Flow,30.8
2026-10-07 22:43:13,Mono Basin,Flow to West Portal,13.3
2026-10-07 22:43:13,Long Valley,East Portal Flow,25.0
2026-10-07 22:43:13,Long Valley,OR Below EP Flow,72.0
2026-10-07 22:43:13,Long Valley,Hot Ck.at Hwy. Flow,5.0
2026-10-07 22:43:13,Long Valley,McGee Ck. Lower Sta. Flow,7.7
2026-10-07 22:43:13,Long Valley,Long Valley Elevation,6765.0
2026-10-07 22:43:13,Long Valley,Long Valley Current Outflow,241.2
2026-10-07 22:43:13,Long Valley,Rock Ck. Div. Flow,0.0
2026-10-07 22:43:13,Long Valley,Upper Gorge Total Release,38.9
2026-10-07 22:43:13,Long Valley,Release at Middle Gorge,0.0
2026-10-07 22:43:13,Northern Owens Valley,Rock Ck. At Owens River (PV) Flow,32.8
2026-10-07 22:43:13,Northern Owens Valley,Pleasant Valley Elevation,4383.5
2026-10-07 22:43:13,Northern Owens Valley,Pleasant Valley Outflow,266.8
2026-10-07 22:43:13,Northern Owens Valley,Baker Ck. At LA Station Flow,6.1
2026-10-07 22:43:13,Northern Owens Valley,Big Pine Ck. USGS Flow,23.2
2026-10-07 22:43:13,Northern Owens Valley,O.R. Below Big Pine,268.2
2026-10-07 22:43:13,Northern Owens Valley,Fish Springs At RR Flow,39.2
2026-10-07 22:43:13,Northern Owens Valley,Tinemaha Reservoir Outflow,275.9
2026-10-07 22:43:13,Northern Owens Valley,Bishop Creek Through Plant 6,50.2
2026-10-07 22:43:13,Northern Owens Valley,Bishop Creek Around Plant 6,7.4
2026-10-07 22:43:13,Southern Owens Valley,Tinemaha Reservoir Outflow,275.9
2026-10-07 22:43:13,Southern Owens Valley,Indep. Ck. At Junction Flow,2.5
2026-10-07 22:43:13,Southern Owens Valley,LAA at Alabama Flow,238.0
2026-10-07 22:43:13,Southern Owens Valley,LAA at Alabama Level,6.0
2026-10-07 22:43:13,Southern Owens Valley,LAA at Alabama Water Temp,66.7
2026-10-07 22:43:13,Southern Owens Valley,Cottonwood Ck. At LAA Flow,2.0
2026-10-07 22:43:13,Southern Owens Valley,LAA at Cottonwood Flow,221.0
2026-10-07 22:43:13,Southern Owens Valley,LAA at Cottonwood Level,6.1
2026-10-07 22:43:13,Southern Owens Valley,LAA at Cotton. Water Temp,67.3
2026-10-07 22:43:13,Southern Owens Valley,N. Haiwee Elevation,3757.0
2026-10-07 22:43:13,Southern Owens Valley,S. Haiwee Reservoir Elevation,3722.8
2026-10-07 22:43:13,Southern Owens Valley,Haiwee LAA #1 Current Flow,0.0
2026-10-07 22:43:13,Southern Owens Valley,Haiwee LAA #2 Current Flow,3.6
2026-10-07 22:43:13,Southern Owens Valley,Reinhackel Flow,2.8
2026-10-07 22:43:13,Southern Owens Valley,Lubkin Spillgate Outflow,38.7
2026-10-07 22:43:13,Southern Owens Valley,Cartago Spillgate Outflow,90.1
2026-10-07 22:43:13,Southern Owens Valley,Lone Pine Creek Flow,4.4
2026-10-07 22:43:13,Lower Owens River Project,LORP Intake Flow,68.0
2026-10-07 22:43:13,Lower Owens River Project,LORP at Mazourka Canyon Road,0.0
2026-10-07 22:43:13,Lower Owens River Project,LORP at Reinhackle Springs,66.0
2026-10-07 22:43:13,Lower Owens River Project,LORP Above Pumpstation,58.0
2026-10-07 22:43:13,Lower Owens River Project,LORP At Pump Station Discharge Flow,46.0
2026-10-07 22:43:13,Southern District,Haiwee LAA #2 Current Flow,3.6
2026-10-07 22:43:13,Southern District,S. Haiwee Reservoir Elevation,3722.8
2026-10-07 22:43:13,Southern District,Haiwee LAA #1 Current Flow,0.0
2026-10-07 22:43:13,Southern District,Fairmont Reservoir Elevation,3015.4
2026-10-07 22:43:13,Southern District,LAA #1 Flow at Fairmont Reservoir,5.7
2026-10-07 22:43:13,Southern District,LAA #2 Flow at Fairmont Res.,0.0
2026-10-07 22:43:13,Southern District,Bouquet Reservoir Elevation,2978.2
2026-10-07 22:43:13,Southern District,Bouquet Reservoir Inflow,0.0
2026-10-07 22:43:13,Southern District,Bouquet Reservoir Outflow,0.6
2026-10-07 22:43:13,Southern District,LAA #1 at Soledad Flow,0.0
2026-10-07 22:43:13,Southern District,LAA #2 at Soledad Flow,0.0
2026-10-07 22:58:13,Northern Owens Valley,Tinemaha Elevation,3861.2
2026-10-07 22:58:13,Southern Owens Valley,Tinemaha Elevation,3861.2
2026-10-07 23:28:13,Northern Owens Valley,Tinemaha Elevation,3861.2
2026-10-07 23:28:13,Southern Owens Valley,Tinemaha Elevation,3861.2
2026-10-07 23:43:13,Mono Basin,Lee Vining Intake Above Flow,49.3
2026-10-07 23:43:13,Mono Basin,Lee Vining Intake Below Flow,16.3
2026-10-07 23:43:13,Mono Basin,Mono Lk. Elevation,6381.6
2026-10-07 23:43:13,Mono Basin,Walker Ck. Above Conduit Flow,3.0
2026-10-07 23:43:13,Mono Basin,L.V. Conduit Below Intake Flow,31.9
2026-10-07 23:43:13,Mono Basin,Walker Ck. Under Conduit Flow,3.0
2026-10-07 23:43:13,Mono Basin,Parker Ck. Under Conduit Flow,5.0
2026-10-07 23:43:13,Mono Basin,Parker Ck. Above Conduit Flow,5.0
2026-10-07 23:43:13,Mono Basin,Grant Lk. Spill Flow,0.0
2026-10-07 23:43:13,Mono Basin,Mono Gate 1 Return Ditch Flow,26.3
2026-10-07 23:43:13,Mono Basin,Grant Lk. Elevation,7128.6
2026-10-07 23:43:13,Mono Basin,Grant Lk. Outflow,36.5
2026-10-07 23:43:13,Mono Basin,Rush Ck. at Damsite Flow,30.8
2026-10-07 23:43:13,Mono Basin,Flow to West Portal,13.3
2026-10-07 23:43:13,Long Valley,East Portal Flow,25.0
2026-10-07 23:43:13,Long Valley,OR Below EP Flow,72.0
2026-10-07 23:43:13,Long Valley,Hot Ck.at Hwy. Flow,5.0
2026-10-07 23:43:13,Long Valley,McGee Ck. Lower Sta. Flow,7.7
2026-10-07 23:43:13,Long Valley,Long Valley Elevation,6765.0
2026-10-07 23:43:13,Long Valley,Long Valley Current Outflow,240.7
2026-10-07 23:43:13,Long Valley,Rock Ck. Div. Flow,0.0
2026-10-07 23:43:13,Long Valley,Upper Gorge Total Release,38.9
2026-10-07 23:43:13,Long Valley,Release at Middle Gorge,0.0
2026-10-07 23:43:13,Northern Owens Valley,Rock Ck. At Owens River (PV) Flow,32.8
2026-10-07 23:43:13,Northern Owens Valley,Pleasant Valley Elevation,4383.5
2026-10-07 23:43:13,Northern Owens Valley,Pleasant Valley Outflow,267.3
2026-10-07 23:43:13,Northern Owens Valley,Baker Ck. At LA Station Flow,6.1
2026-10-07 23:43:13,Northern Owens Valley,Big Pine Ck. USGS Flow,23.2
2026-10-07 23:43:13,Northern Owens Valley,O.R. Below Big Pine,266.4
2026-10-07 23:43:13,Northern Owens Valley,Fish Springs At RR Flow,39.2
2026-10-07 23:43:13,Northern Owens Valley,Tinemaha Reservoir Outflow,275.9
2026-10-07 23:43:13,Northern Owens Valley,Bishop Creek Through Plant 6,50.2
2026-10-07 23:43:13,Northern Owens Valley,Bishop Creek Around Plant 6,7.4
2026-10-07 23:43:13,Southern Owens Valley,Tinemaha Reservoir Outflow,275.9
2026-10-07 23:43:13,Southern Owens Valley,Indep. Ck. At Junction Flow,2.5
2026-10-07 23:43:13,Southern Owens Valley,LAA at Alabama Flow,237.0
2026-10-07 23:43:13,Southern Owens Valley,LAA at Alabama Level,5.9
2026-10-07 23:43:13,Southern Owens Valley,LAA at Alabama Water Temp,66.4
2026-10-07 23:43:13,Southern Owens Valley,Cottonwood Ck. At LAA Flow,2.0
2026-10-07 23:43:13,Southern Owens Valley,LAA at Cottonwood Flow,220.0
2026-10-07 23:43:13,Southern Owens Valley,LAA at Cottonwood Level,6.1
2026-10-07 23:43:13,Southern Owens Valley,LAA at Cotton. Water Temp,67.3
2026-10-07 23:43:13,Southern Owens Valley,N. Haiwee Elevation,3757.0
2026-10-07 23:43:13,Southern Owens Valley,S. Haiwee Reservoir Elevation,3722.8
2026-10-07 23:43:13,Southern Owens Valley,Haiwee LAA #1 Current Flow,0.0
2026-10-07 23:43:13,Southern Owens Valley,Haiwee LAA #2 Current Flow,3.6
2026-10-07 23:43:13,Southern Owens Valley,Reinhackel Flow,2.8
2026-10-07 23:43:13,Southern Owens Valley,Lubkin Spillgate Outflow,24.0
2026-10-07 23:43:13,Southern Owens Valley,Cartago Spillgate Outflow,76.2
2026-10-07 23:43:13,Southern Owens Valley,Lone Pine Creek Flow,4.5
2026-10-07 23:43:13,Lower Owens River Project,LORP Intake Flow,69.0
2026-10-07 23:43:13,Lower Owens River Project,LORP at Mazourka Canyon Road,0.0
2026-10-07 23:43:13,Lower Owens River Project,LORP at Reinhackle Springs,66.0
2026-10-07 23:43:13,Lower Owens River Project,LORP Above Pumpstation,59.0
2026-10-07 23:43:13,Lower Owens River Project,LORP At Pump Station Discharge Flow,47.0
2026-10-07 23:43:13,Southern District,Haiwee LAA #2 Current Flow,3.6
2026-10-07 23:43:13,Southern District,S. Haiwee Reservoir Elevation,3722.8
2026-10-07 23:43:13,Southern District,Haiwee LAA #1 Current Flow,0.0
2026-10-07 23:43:13,Southern District,Fairmont Reservoir Elevation,3015.4
2026-10-07 23:43:13,Southern District,LAA #1 Flow at Fairmont Reservoir,5.2
2026-10-07 23:43:13,Southern District,LAA #2 Flow at Fairmont Res.,0.0
2026-10-07 23:43:13,Southern District,Bouquet Reservoir Elevation,2978.2
2026-10-07 23:43:13,Southern District,Bouquet Reservoir Inflow,0.0
2026-10-07 23:43:13,Southern District,Bouquet Reservoir Outflow,0.6
2026-10-07 23:43:13,Southern District,LAA #1 at Soledad Flow,0.0
2026-10-07 23:43:13,Southern District,LAA #2 at Soledad Flow,0.0
2026-10-07 23:58:13,Northern Owens Valley,Tinemaha Elevation,3861.2
2026-10-07 23:58:13,Southern Owens Valley,Tinemaha Elevation,3861.2
